La Magdalena Contreras	8	1298
X	Y	
-99.20819378	19.3367352	
-99.208589	19.33609617	
-99.20867402	19.33597649	
-99.20833712	19.33609505	
-99.20809682	19.33617962	
-99.20784055	19.33627157	
-99.20710602	19.33654402	
-99.20677123	19.33629697	
-99.20665878	19.33621838	
-99.20678523	19.3361084	
-99.20692054	19.33599115	
-99.20745691	19.33551186	
-99.20797197	19.33508209	
-99.20820506	19.33485146	
-99.20844374	19.33457262	
-99.20863205	19.33432905	
-99.20893205	19.33390831	
-99.20912394	19.33363343	
-99.20936937	19.33327828	
-99.20958692	19.3328906	
-99.21023655	19.331578	
-99.21027734	19.33149486	
-99.21042628	19.33119135	
-99.21045432	19.3311342	
-99.21050482	19.33103628	
-99.21065945	19.33073634	
-99.21179683	19.32843371	
-99.21211022	19.32782808	
-99.21246668	19.32723472	
-99.21268766	19.32692294	
-99.21278332	19.32679703	
-99.21360914	19.32591803	
-99.21434952	19.3253214	
-99.21594054	19.32421177	
-99.21756142	19.32310289	
-99.21856348	19.3224164	
-99.21931032	19.32189808	
-99.22005826	19.32138788	
-99.22046997	19.32108114	
-99.2205714	19.32099035	
-99.22071723	19.32085803	
-99.220901	19.3206476	
-99.22103349	19.32044538	
-99.22114646	19.32026931	
-99.22123228	19.3200956	
-99.22131017	19.31990872	
-99.22140831	19.31964386	
-99.22146711	19.31930065	
-99.22148554	19.31896918	
-99.22147795	19.31869238	
-99.22145265	19.31851635	
-99.2214244	19.31831974	
-99.22136895	19.31807566	
-99.22131583	19.31784018	
-99.22129134	19.31773162	
-99.22122322	19.31739849	
-99.22119637	19.31726709	
-99.22115657	19.31705382	
-99.22107685	19.31660608	
-99.22104149	19.31639848	
-99.2209726	19.31603122	
-99.22096032	19.3159578	
-99.22084274	19.31529351	
-99.22080637	19.31508703	
-99.22075488	19.3148096	
-99.22073252	19.31468891	
-99.22065663	19.31429986	
-99.22051735	19.31371654	
-99.22041178	19.31339348	
-99.22030328	19.31308375	
-99.22012194	19.31267383	
-99.21992543	19.31226363	
-99.2204718	19.31132268	
-99.22056226	19.31122957	
-99.22066058	19.31114712	
-99.22070783	19.31112982	
-99.2209714	19.31107862	
-99.2213072	19.31106105	
-99.22174046	19.31103797	
-99.22299869	19.31095083	
-99.22392894	19.31089657	
-99.22405266	19.31086045	
-99.22462557	19.31072866	
-99.22493342	19.31059778	
-99.22501754	19.31033574	
-99.22517074	19.30995725	
-99.22691212	19.30864928	
-99.22723952	19.30840785	
-99.22743585	19.30822597	
-99.22761343	19.30806148	
-99.22772335	19.30791431	
-99.22774658	19.30778308	
-99.22771395	19.30760911	
-99.22764626	19.30737868	
-99.22759222	19.30719229	
-99.22766097	19.30706143	
-99.22767662	19.30703165	
-99.22774703	19.30696322	
-99.22789288	19.30685706	
-99.22866705	19.30654878	
-99.22894948	19.30648383	
-99.22936222	19.30647889	
-99.22954922	19.30638186	
-99.22980571	19.30618655	
-99.22992932	19.30601275	
-99.230165	19.30586405	
-99.23040649	19.3057684	
-99.23061854	19.30568171	
-99.23091374	19.30557297	
-99.23119706	19.30544914	
-99.23169189	19.30520289	
-99.2319046	19.30504232	
-99.23193023	19.30479766	
-99.23198483	19.30427646	
-99.23204222	19.30388103	
-99.23224831	19.30378878	
-99.23233737	19.30298274	
-99.23254748	19.30300045	
-99.23264608	19.30248152	
-99.23297391	19.30181012	
-99.23222882	19.30146851	
-99.23239715	19.30132557	
-99.23276303	19.30104817	
-99.23293802	19.30092317	
-99.23326352	19.30078657	
-99.23339711	19.30081623	
-99.23336212	19.30023174	
-99.23337106	19.30007783	
-99.23321222	19.30009518	
-99.23306498	19.30009808	
-99.23280875	19.29997262	
-99.23271009	19.29988948	
-99.23272603	19.29979946	
-99.23279522	19.29971866	
-99.23284786	19.29958352	
-99.23283163	19.29945615	
-99.23281331	19.29932171	
-99.23278554	19.29918874	
-99.23274075	19.29905468	
-99.23272342	19.29892411	
-99.2327232	19.29876834	
-99.23272312	19.29871891	
-99.23272308	19.29868908	
-99.23272285	19.2985274	
-99.23268997	19.29838482	
-99.2325838	19.29813314	
-99.23252062	19.29801157	
-99.23248291	19.29787654	
-99.23249437	19.29773528	
-99.23263114	19.29749955	
-99.23318663	19.29669918	
-99.2333012	19.29659518	
-99.2334578	19.29646391	
-99.23363565	19.29636105	
-99.23383263	19.29625931	
-99.23399003	19.29616418	
-99.23408946	19.29606689	
-99.23418809	19.29596888	
-99.2343842	19.2957438	
-99.23445003	19.29569042	
-99.23453258	19.29566606	
-99.23462105	19.29565475	
-99.2346918	19.29563415	
-99.23476449	19.29559303	
-99.23490395	19.29539212	
-99.23511985	19.29525522	
-99.23526452	19.29517337	
-99.23538948	19.2951078	
-99.23547386	19.29499577	
-99.23557074	19.29499149	
-99.23567491	19.29509592	
-99.23580426	19.29514308	
-99.23597268	19.295148	
-99.23609708	19.29510811	
-99.23615815	19.29499625	
-99.23614323	19.29489971	
-99.23602068	19.29483017	
-99.23591823	19.29472025	
-99.23586969	19.29462531	
-99.23590065	19.2945064	
-99.23596852	19.29445637	
-99.23611477	19.29443285	
-99.23637966	19.29441765	
-99.23652682	19.29436871	
-99.23672118	19.29439982	
-99.23693866	19.29431709	
-99.23707165	19.29426848	
-99.23721692	19.29425872	
-99.23747826	19.29431725	
-99.23763563	19.29433723	
-99.23776765	19.29437814	
-99.23789978	19.29442886	
-99.23796714	19.29445372	
-99.23798471	19.29446288	
-99.23801072	19.2944774	
-99.23802995	19.29448812	
-99.23856077	19.29468808	
-99.23862955	19.29470312	
-99.23869365	19.29469905	
-99.23938225	19.29449171	
-99.23965232	19.29438092	
-99.23978538	19.29431812	
-99.23999417	19.29421805	
-99.24014963	19.29413015	
-99.24016625	19.29412075	
-99.24028289	19.29407494	
-99.24037377	19.29405055	
-99.24047557	19.29409743	
-99.24056468	19.29413729	
-99.2406362	19.29418106	
-99.24068086	19.29420012	
-99.24077177	19.29419285	
-99.24082743	19.29417085	
-99.24094522	19.29408634	
-99.24108575	19.29406254	
-99.24122682	19.2940416	
-99.24138462	19.29401849	
-99.24147851	19.29393177	
-99.24150612	19.29379274	
-99.24154185	19.29366151	
-99.24161474	19.29354494	
-99.24177911	19.29332325	
-99.24192149	19.29314415	
-99.24154958	19.29286334	
-99.24225215	19.29290422	
-99.24231703	19.29285555	
-99.24256588	19.29248302	
-99.24266465	19.2922728	
-99.24283689	19.29187062	
-99.24289717	19.29167738	
-99.24299671	19.29143732	
-99.24282462	19.29017134	
-99.24277903	19.28964872	
-99.2427616	19.28936006	
-99.24271609	19.28927537	
-99.24249134	19.28925045	
-99.24237409	19.28923451	
-99.24226998	19.28917362	
-99.24208265	19.28902025	
-99.2418984	19.28890078	
-99.24179149	19.28881988	
-99.24156692	19.28860742	
-99.24149557	19.28852266	
-99.24131554	19.28830886	
-99.24107578	19.28807255	
-99.24101412	19.28798966	
-99.24102078	19.28755951	
-99.24097298	19.28744849	
-99.24082775	19.28730935	
-99.24080129	19.28716466	
-99.24080638	19.28699242	
-99.24094275	19.28682114	
-99.24099285	19.28679168	
-99.24113658	19.28673758	
-99.2411844	19.28670792	
-99.2412714	19.28665395	
-99.24151482	19.28644929	
-99.24160451	19.28630565	
-99.24169402	19.28607645	
-99.24173395	19.28591605	
-99.24182729	19.28568448	
-99.24191486	19.2855062	
-99.24193511	19.28546498	
-99.24202922	19.28531811	
-99.24265635	19.28433928	
-99.24268065	19.28433248	
-99.24285157	19.28428462	
-99.24292528	19.28420362	
-99.24296762	19.28413945	
-99.24292005	19.28394274	
-99.24285391	19.28376695	
-99.24259374	19.28355851	
-99.24233357	19.28335008	
-99.24210191	19.28331332	
-99.24201572	19.28326968	
-99.24196488	19.28314794	
-99.24195697	19.28300857	
-99.2420226	19.28290168	
-99.24214883	19.28282314	
-99.24278492	19.28251571	
-99.242924	19.28246888	
-99.24310934	19.28240648	
-99.24323165	19.28236529	
-99.24331768	19.28233632	
-99.24344517	19.28225871	
-99.24354618	19.28219087	
-99.24362772	19.28206514	
-99.24364365	19.28195098	
-99.24358991	19.2818254	
-99.2435022	19.28171845	
-99.24341966	19.28160783	
-99.24331748	19.28143891	
-99.24330788	19.28135837	
-99.24331422	19.28122295	
-99.24336132	19.28107691	
-99.24345938	19.28098983	
-99.24356288	19.28089645	
-99.24366578	19.28080249	
-99.24376869	19.28070852	
-99.24387174	19.28061472	
-99.24397222	19.28051842	
-99.24405998	19.28041151	
-99.24417522	19.28033149	
-99.24430449	19.28027397	
-99.2444368	19.28024689	
-99.24459157	19.28020469	
-99.24491292	19.28013731	
-99.24493469	19.28007063	
-99.24491282	19.27988689	
-99.24484608	19.27954043	
-99.24480477	19.27932571	
-99.24479092	19.27921891	
-99.2447982	19.27912685	
-99.24480975	19.27906742	
-99.24486963	19.27887851	
-99.24502258	19.27843191	
-99.24525903	19.27759049	
-99.24535571	19.2770738	
-99.24536778	19.27696395	
-99.24535785	19.27679171	
-99.24528018	19.27661632	
-99.24519546	19.27648903	
-99.24488742	19.27620942	
-99.24476254	19.27632442	
-99.24461117	19.27625949	
-99.24445638	19.2762142	
-99.24420885	19.27609114	
-99.24411065	19.27601654	
-99.24397802	19.27588171	
-99.24382722	19.27594392	
-99.24345877	19.2756492	
-99.24346606	19.27548043	
-99.24347871	19.27537048	
-99.24349951	19.27529818	
-99.24353268	19.27517135	
-99.24362634	19.27491598	
-99.24373123	19.27468018	
-99.24385928	19.27437589	
-99.24392443	19.27425892	
-99.24404542	19.27412235	
-99.24415025	19.27394891	
-99.24428442	19.27365312	
-99.24440805	19.27327108	
-99.24461322	19.27290232	
-99.24453105	19.27285688	
-99.24450195	19.27270897	
-99.24430403	19.27245518	
-99.24408228	19.27233358	
-99.24396788	19.27211194	
-99.24382654	19.27178868	
-99.2437724	19.27163769	
-99.24373006	19.271464	
-99.24367923	19.27118774	
-99.24365754	19.27100811	
-99.24364166	19.27087531	
-99.24364603	19.27069485	
-99.24359869	19.27038918	
-99.24360228	19.27026775	
-99.24349783	19.26997348	
-99.24346783	19.26978988	
-99.24349137	19.26968706	
-99.24359878	19.26950348	
-99.24374329	19.26935117	
-99.24449122	19.26884294	
-99.24487398	19.26865657	
-99.24497252	19.26851791	
-99.24527131	19.26818583	
-99.24532615	19.26813531	
-99.24538642	19.26808718	
-99.24578215	19.26777477	
-99.24589209	19.26766623	
-99.24599482	19.2675288	
-99.24605125	19.26735332	
-99.24607386	19.26717417	
-99.24605608	19.26703378	
-99.24596829	19.26684029	
-99.24593169	19.26650957	
-99.24595163	19.26643738	
-99.24597452	19.26637332	
-99.24600871	19.26631145	
-99.24605166	19.26624449	
-99.24637614	19.26582454	
-99.24666266	19.26572637	
-99.24695792	19.2656396	
-99.24699686	19.26559548	
-99.24702091	19.26552846	
-99.24706197	19.265058	
-99.24709046	19.26474906	
-99.24699517	19.26449654	
-99.24638302	19.26398389	
-99.24590628	19.26360629	
-99.24563285	19.26337398	
-99.24554268	19.26308872	
-99.24552835	19.26293314	
-99.24556191	19.26254751	
-99.24561715	19.26222486	
-99.24565411	19.26171969	
-99.24572095	19.26156894	
-99.24594006	19.26120014	
-99.24622903	19.26088918	
-99.24629818	19.26074911	
-99.24647818	19.26065466	
-99.24684106	19.26053715	
-99.24719789	19.26032738	
-99.24723654	19.26027732	
-99.24719054	19.26020126	
-99.24681703	19.25972131	
-99.2463482	19.25934678	
-99.24597428	19.25903997	
-99.24587222	19.25899278	
-99.24573632	19.2589414	
-99.24558115	19.25891114	
-99.24540157	19.25890786	
-99.24525725	19.25889808	
-99.24509406	19.25894609	
-99.24491371	19.25900257	
-99.24475977	19.25909274	
-99.24460882	19.25919135	
-99.24438226	19.25937742	
-99.24432845	19.25941628	
-99.24405768	19.25946132	
-99.24399445	19.25940852	
-99.24388825	19.25920068	
-99.24387132	19.25905969	
-99.24388211	19.25894577	
-99.24389486	19.25886217	
-99.24437254	19.25827977	
-99.24445263	19.25816446	
-99.24498222	19.25776246	
-99.24528468	19.25751752	
-99.24538583	19.25734211	
-99.24539255	19.25717475	
-99.24529162	19.25690745	
-99.24523538	19.25680763	
-99.2451382	19.25670025	
-99.24497497	19.25653323	
-99.24481558	19.25635754	
-99.24482126	19.25628491	
-99.24486705	19.25620005	
-99.24493095	19.25605723	
-99.24503403	19.25596083	
-99.24505925	19.25587488	
-99.24509174	19.25579922	
-99.24516389	19.25561009	
-99.24521792	19.25541243	
-99.24524666	19.25525252	
-99.24520485	19.25513229	
-99.2451826	19.25503009	
-99.24511398	19.25494475	
-99.24493669	19.2546748	
-99.24486966	19.25456208	
-99.2448022	19.254391	
-99.24476529	19.25403391	
-99.24472143	19.25367997	
-99.24465489	19.25335408	
-99.24461925	19.25321197	
-99.24460685	19.25308283	
-99.24458508	19.25273263	
-99.24461223	19.25263543	
-99.24471931	19.2525454	
-99.24478603	19.25244655	
-99.24476551	19.25232665	
-99.24500526	19.25180554	
-99.24521697	19.25129608	
-99.24525023	19.25103788	
-99.24522317	19.2508154	
-99.24521292	19.25060682	
-99.24519975	19.25046942	
-99.24523203	19.25037706	
-99.24528589	19.25027238	
-99.24534411	19.25018822	
-99.24579174	19.24976363	
-99.24594011	19.24965874	
-99.24614097	19.24956582	
-99.24630231	19.24951038	
-99.24647517	19.24946509	
-99.24656898	19.24943397	
-99.24667248	19.24934618	
-99.24683238	19.24917426	
-99.24700194	19.24906686	
-99.24738606	19.24885294	
-99.24746492	19.24873311	
-99.24751168	19.24852742	
-99.24758686	19.24830518	
-99.24759018	19.2480814	
-99.24765012	19.24785628	
-99.24764266	19.24764898	
-99.24760766	19.2474676	
-99.24765065	19.24733938	
-99.24775938	19.24710403	
-99.24783963	19.24697226	
-99.24792269	19.24686682	
-99.24800769	19.24673375	
-99.24818294	19.24677775	
-99.24829631	19.24681552	
-99.24860932	19.24684249	
-99.24890071	19.24673908	
-99.24911617	19.24658886	
-99.24924654	19.24651478	
-99.24941738	19.24642997	
-99.24959623	19.24633148	
-99.24961123	19.24620411	
-99.24961777	19.24608489	
-99.24964995	19.24594082	
-99.24982597	19.24574163	
-99.24993954	19.24570165	
-99.25016862	19.24572494	
-99.25035097	19.24569328	
-99.250446	19.24539852	
-99.25047768	19.24520905	
-99.25020163	19.24491358	
-99.25013365	19.24479926	
-99.25014643	19.24468855	
-99.25022877	19.24455903	
-99.25035785	19.24452015	
-99.25059118	19.24428774	
-99.25086029	19.24396825	
-99.2510096	19.24377438	
-99.25120783	19.24336462	
-99.25131122	19.24315286	
-99.25145088	19.24292629	
-99.25176854	19.24243317	
-99.25180128	19.24202508	
-99.25159892	19.24167205	
-99.25138692	19.24147022	
-99.25118274	19.24126734	
-99.25104192	19.24091388	
-99.2509936	19.24045591	
-99.25147235	19.24007214	
-99.25178517	19.23949792	
-99.25187969	19.23897437	
-99.25201828	19.23863203	
-99.25218863	19.23839769	
-99.25240957	19.23816328	
-99.25271218	19.23782225	
-99.25286883	19.23759015	
-99.25280282	19.23719275	
-99.25266194	19.23664558	
-99.25267565	19.23609428	
-99.25282674	19.23574705	
-99.25290911	19.23546743	
-99.25312935	19.23510028	
-99.25343252	19.23481162	
-99.25398437	19.23444206	
-99.2543778	19.23406745	
-99.25474609	19.23393055	
-99.25513649	19.23370531	
-99.25564908	19.23322169	
-99.25596962	19.23277608	
-99.25609705	19.23253994	
-99.25635708	19.23253406	
-99.25695262	19.23254488	
-99.25727103	19.23247063	
-99.25745195	19.23205977	
-99.25763857	19.23179383	
-99.25790686	19.23155232	
-99.25809006	19.23128106	
-99.25839045	19.23098048	
-99.25861957	19.23076715	
-99.25889682	19.23051163	
-99.25997258	19.2298606	
-99.26030228	19.22970775	
-99.26093103	19.22941303	
-99.26127458	19.22933508	
-99.26161789	19.22926915	
-99.26202488	19.22918635	
-99.26244935	19.22912611	
-99.2627218	19.22898112	
-99.26333142	19.22863746	
-99.26377252	19.22849385	
-99.26403346	19.22822545	
-99.26508348	19.22743078	
-99.26513711	19.22721935	
-99.26525837	19.22711669	
-99.26556866	19.22709703	
-99.26577088	19.22699425	
-99.2660158	19.22695232	
-99.26623152	19.22691631	
-99.26650392	19.22679411	
-99.26685929	19.22653003	
-99.26770963	19.22594254	
-99.26823775	19.22558882	
-99.2685928	19.22511018	
-99.26914858	19.22471315	
-99.26948692	19.22448871	
-99.26979523	19.22440212	
-99.27053292	19.22429192	
-99.27067823	19.22420302	
-99.27077174	19.22395652	
-99.27092362	19.22370334	
-99.27111374	19.22354872	
-99.27131385	19.2234334	
-99.27147089	19.22336452	
-99.2717478	19.22314705	
-99.27195878	19.22293734	
-99.2722536	19.22266042	
-99.27255418	19.22213851	
-99.27298928	19.22181172	
-99.27355169	19.22157312	
-99.27378412	19.2213732	
-99.2739516	19.22122951	
-99.2741566	19.22103889	
-99.27417331	19.22070163	
-99.27410291	19.22040065	
-99.27403906	19.22010112	
-99.27401597	19.21970668	
-99.27398349	19.21952789	
-99.27405958	19.21885048	
-99.27413029	19.21863382	
-99.27413697	19.21845795	
-99.27415462	19.21830951	
-99.27420672	19.2181524	
-99.27436474	19.21808552	
-99.27445194	19.2178872	
-99.274616	19.21751828	
-99.27530432	19.21705545	
-99.27565652	19.21675918	
-99.27587766	19.21657963	
-99.27603509	19.21648954	
-99.27624172	19.21642308	
-99.27627891	19.21635462	
-99.27633918	19.21600143	
-99.27635894	19.21579492	
-99.27641203	19.21570695	
-99.27647043	19.21566092	
-99.27655506	19.21563398	
-99.27661545	19.21556689	
-99.27666774	19.2154864	
-99.276716	19.21540592	
-99.27677728	19.21530357	
-99.2771888	19.2148384	
-99.27734058	19.214716	
-99.27745437	19.21467954	
-99.27750666	19.21468443	
-99.27753486	19.21467872	
-99.27756285	19.21465034	
-99.27760169	19.21459028	
-99.27766309	19.21455111	
-99.27774868	19.21451428	
-99.27794025	19.21449266	
-99.27798205	19.21447771	
-99.27801598	19.21445035	
-99.27805254	19.214423	
-99.27820972	19.21427865	
-99.2786036	19.21418648	
-99.27881491	19.21407552	
-99.27937215	19.21398877	
-99.27957609	19.21392092	
-99.279866	19.21383985	
-99.28015558	19.21372382	
-99.2803208	19.21364955	
-99.28059482	19.21365586	
-99.28076012	19.21363094	
-99.28089485	19.21368455	
-99.28097283	19.21370911	
-99.28104609	19.21372469	
-99.28114257	19.21369783	
-99.28134009	19.21364683	
-99.28158557	19.21353235	
-99.28188983	19.21339574	
-99.28214029	19.21322589	
-99.28239358	19.21308146	
-99.28310023	19.21305563	
-99.28329737	19.21316134	
-99.28340095	19.21321045	
-99.28353642	19.21342371	
-99.28370906	19.21353951	
-99.2839392	19.21360448	
-99.28410586	19.21365151	
-99.28441331	19.2136362	
-99.28457694	19.2136808	
-99.28463709	19.21368969	
-99.2847246	19.21363602	
-99.28482605	19.21356257	
-99.28496454	19.21348546	
-99.28505171	19.2134522	
-99.28515189	19.21337958	
-99.2852608	19.21331108	
-99.28539377	19.21328603	
-99.28557255	19.21326505	
-99.28602958	19.21331037	
-99.28628234	19.21333529	
-99.28652383	19.21327851	
-99.28681722	19.21320228	
-99.28710557	19.21316263	
-99.28751358	19.21314958	
-99.28782357	19.21312226	
-99.28804826	19.21317698	
-99.28819615	19.21330691	
-99.28857642	19.21360668	
-99.28873483	19.21371657	
-99.28894062	19.21377631	
-99.28905672	19.21381805	
-99.28916489	19.21380977	
-99.28942954	19.21373095	
-99.2898902	19.21391498	
-99.29025769	19.21407609	
-99.2906272	19.21426072	
-99.29106157	19.21445362	
-99.29143794	19.21459828	
-99.29176789	19.21428294	
-99.29239358	19.21382582	
-99.29275429	19.21377374	
-99.29315135	19.21390666	
-99.29340168	19.21414354	
-99.293563	19.21426192	
-99.2936486	19.21432111	
-99.29372106	19.21439592	
-99.29378448	19.21452035	
-99.29382335	19.21456683	
-99.293946	19.21464418	
-99.29412186	19.21478545	
-99.29420169	19.21488808	
-99.29430812	19.21502557	
-99.29443897	19.21512229	
-99.29468417	19.21518055	
-99.29483638	19.21524572	
-99.29494498	19.21533709	
-99.29505578	19.21548091	
-99.29527094	19.21595755	
-99.29548778	19.21629762	
-99.29583428	19.21676255	
-99.29612843	19.2171106	
-99.29642588	19.21752783	
-99.29670582	19.21776335	
-99.29702305	19.21783234	
-99.29735846	19.21791837	
-99.29779923	19.21812186	
-99.29814437	19.21808142	
-99.29861994	19.21792969	
-99.29922482	19.21770958	
-99.29980857	19.21774123	
-99.30026691	19.2177424	
-99.30054378	19.21796912	
-99.30097455	19.2181986	
-99.30142788	19.21822078	
-99.30150265	19.21828946	
-99.30200109	19.21862743	
-99.30245612	19.21896874	
-99.30273086	19.21925831	
-99.30309337	19.21958843	
-99.30323898	19.21982137	
-99.30343637	19.22009108	
-99.30369466	19.22033318	
-99.30397266	19.220576	
-99.30471169	19.22133298	
-99.30543066	19.22201325	
-99.30570443	19.22223618	
-99.30604791	19.22236412	
-99.30649162	19.22240968	
-99.30709963	19.22276278	
-99.30779072	19.22319528	
-99.30805543	19.22343238	
-99.30840163	19.22349854	
-99.30862545	19.22360965	
-99.30894654	19.22392954	
-99.30918992	19.22429309	
-99.30943017	19.22455365	
-99.30962469	19.22474882	
-99.30999125	19.22479805	
-99.3104966	19.22521335	
-99.31083357	19.22516971	
-99.31102605	19.22539755	
-99.31116331	19.225519	
-99.31128282	19.22563332	
-99.31143954	19.2257368	
-99.31171748	19.22587122	
-99.31199097	19.22594162	
-99.31227605	19.22602011	
-99.31265551	19.2259576	
-99.31297366	19.22580454	
-99.31325092	19.22597689	
-99.31355332	19.22620814	
-99.31401111	19.22647631	
-99.31445229	19.22662092	
-99.31466531	19.22670449	
-99.31505655	19.22689782	
-99.31555554	19.22739535	
-99.31534335	19.22919649	
-99.32129651	19.23266548	
-99.32225485	19.23264783	
-99.32254829	19.23372618	
-99.32255123	19.23382788	
-99.32255392	19.23394437	
-99.32263245	19.23408109	
-99.32272135	19.23467517	
-99.32276638	19.23530558	
-99.32273662	19.23565346	
-99.32299538	19.23590846	
-99.32293525	19.23643643	
-99.32285145	19.23671449	
-99.32272983	19.23751143	
-99.32276106	19.23761558	
-99.32281609	19.23767897	
-99.32285445	19.23776274	
-99.32285602	19.23791423	
-99.32287129	19.23801911	
-99.32293768	19.23811265	
-99.32311923	19.23820114	
-99.32319411	19.23825303	
-99.32323922	19.23831072	
-99.32327709	19.23838782	
-99.32330149	19.23845328	
-99.32331449	19.23855492	
-99.32316402	19.23906872	
-99.32316434	19.23923122	
-99.32289129	19.23981745	
-99.32266915	19.24030654	
-99.32212468	19.24091912	
-99.32125818	19.24181842	
-99.32078869	19.24228822	
-99.32053403	19.24260626	
-99.32035177	19.24286426	
-99.32019089	19.24301755	
-99.32005877	19.24314338	
-99.3198144	19.24328109	
-99.31953435	19.24339732	
-99.31938889	19.24343446	
-99.31926018	19.24344357	
-99.31910792	19.24337274	
-99.31887594	19.24323538	
-99.31879057	19.24319243	
-99.31872208	19.24320985	
-99.31859328	19.24328226	
-99.31839086	19.2434784	
-99.3182774	19.24372858	
-99.31770603	19.2443712	
-99.31763654	19.24449205	
-99.31760191	19.24459718	
-99.31752094	19.24500477	
-99.3175066	19.2452984	
-99.31779458	19.24567006	
-99.31772238	19.24592266	
-99.31769785	19.24594911	
-99.31758477	19.24601291	
-99.31756412	19.24608312	
-99.31758045	19.24616423	
-99.31771403	19.24640383	
-99.31784071	19.24702937	
-99.31784798	19.2471234	
-99.31781277	19.24726983	
-99.31776525	19.24736258	
-99.31752305	19.24761032	
-99.31728877	19.24805272	
-99.31713555	19.24855426	
-99.31699583	19.24914674	
-99.31700692	19.24963218	
-99.31707406	19.25030788	
-99.31681754	19.25072498	
-99.31677031	19.250779	
-99.31669482	19.25077725	
-99.31662948	19.25073782	
-99.31658863	19.25078708	
-99.31648383	19.25096732	
-99.31644258	19.25103235	
-99.31638897	19.25104911	
-99.31632534	19.2510328	
-99.31617877	19.25085114	
-99.31614072	19.25084305	
-99.31611171	19.25083751	
-99.31607594	19.25083812	
-99.3160508	19.25083643	
-99.31602566	19.25083598	
-99.3159964	19.25084174	
-99.31595651	19.2508606	
-99.31591682	19.25091575	
-99.31591734	19.25098177	
-99.31593188	19.25106385	
-99.31596015	19.251287	
-99.31593654	19.25152543	
-99.31590868	19.25164948	
-99.31597305	19.25182869	
-99.31606015	19.25194083	
-99.316082	19.25201495	
-99.3160574	19.25208088	
-99.31596622	19.25217511	
-99.31587746	19.25234312	
-99.31585594	19.25244965	
-99.31594808	19.25262629	
-99.31593506	19.252804	
-99.31587448	19.25291612	
-99.31573291	19.25300863	
-99.3155972	19.2531766	
-99.31550612	19.2533066	
-99.31526017	19.253956	
-99.31519215	19.25435902	
-99.31504562	19.25456389	
-99.31488563	19.2548366	
-99.31476957	19.25497866	
-99.31478143	19.2552178	
-99.31487046	19.25534535	
-99.31496571	19.25543554	
-99.31505091	19.25551949	
-99.31516017	19.25564157	
-99.31526011	19.2557718	
-99.31543657	19.25591403	
-99.31547043	19.25599251	
-99.31547975	19.2560594	
-99.31546457	19.25613797	
-99.31536288	19.25635892	
-99.31525352	19.25641691	
-99.31503325	19.25648249	
-99.31477205	19.25651323	
-99.31459486	19.25673612	
-99.31439265	19.25681348	
-99.31420074	19.25682411	
-99.31407391	19.25681092	
-99.31397435	19.25677215	
-99.31376208	19.25665745	
-99.31353886	19.25664706	
-99.31280035	19.2567024	
-99.31253758	19.25694745	
-99.31226663	19.25708462	
-99.31120931	19.25707558	
-99.31076615	19.25718292	
-99.31020317	19.25727465	
-99.30973578	19.25759108	
-99.30924155	19.25783174	
-99.30877405	19.25809763	
-99.30818654	19.25800706	
-99.30754995	19.25790591	
-99.3068962	19.2577764	
-99.30623569	19.25774492	
-99.30529997	19.25794272	
-99.30388868	19.25838362	
-99.30350568	19.25866715	
-99.30302551	19.25866751	
-99.30237035	19.2589282	
-99.30216166	19.25935558	
-99.30191123	19.25951257	
-99.30171425	19.26003902	
-99.30147755	19.26050289	
-99.30100978	19.26087945	
-99.30087649	19.26104446	
-99.30056663	19.26109658	
-99.30023412	19.26093758	
-99.29977494	19.26088605	
-99.29894925	19.26122012	
-99.29839083	19.26132142	
-99.29798354	19.26145375	
-99.29775589	19.2618822	
-99.29728892	19.26228766	
-99.29696552	19.26271192	
-99.29680874	19.26311215	
-99.29623749	19.26330472	
-99.29576234	19.26351302	
-99.29510428	19.26380202	
-99.29479386	19.26404568	
-99.29451275	19.26430386	
-99.29423672	19.26459545	
-99.2941882	19.26489111	
-99.29398706	19.26527878	
-99.29405623	19.26556463	
-99.29401545	19.26602271	
-99.29378351	19.26636554	
-99.29351983	19.26688178	
-99.29274277	19.26763823	
-99.2926228	19.26812783	
-99.2925788	19.2683084	
-99.29223686	19.26854826	
-99.29163758	19.26877312	
-99.29125495	19.26902414	
-99.29092108	19.26920203	
-99.29051471	19.26956898	
-99.29014766	19.26989383	
-99.28995618	19.27007829	
-99.28963083	19.27028612	
-99.28932949	19.27035097	
-99.28901288	19.27029425	
-99.28826394	19.27017131	
-99.28792518	19.27015617	
-99.2875284	19.27017148	
-99.28680672	19.27041426	
-99.2861896	19.27068068	
-99.28564822	19.27142531	
-99.28543792	19.27182598	
-99.28541603	19.27219845	
-99.28524695	19.27310772	
-99.28494246	19.27327494	
-99.28471726	19.27355672	
-99.28450318	19.27391014	
-99.28427678	19.27425145	
-99.28404934	19.27459195	
-99.28373671	19.27475694	
-99.28333112	19.27509702	
-99.28321126	19.27545975	
-99.28317845	19.27573626	
-99.28331	19.27599725	
-99.28374943	19.27622635	
-99.28391772	19.27669229	
-99.28396543	19.27696134	
-99.28347518	19.27727505	
-99.28304252	19.27776869	
-99.28230149	19.279033	
-99.28205431	19.27922489	
-99.28150906	19.27949068	
-99.28130772	19.28021858	
-99.28113982	19.2806198	
-99.28080838	19.28075754	
-99.28045968	19.28075808	
-99.28021674	19.28082108	
-99.28005474	19.28093055	
-99.27963785	19.2811548	
-99.27945043	19.28139409	
-99.27920017	19.28167038	
-99.27902029	19.28171568	
-99.27865709	19.28162172	
-99.27846554	19.28146912	
-99.27831492	19.28139848	
-99.278224	19.28141403	
-99.27813572	19.28148362	
-99.27800288	19.28155251	
-99.27792943	19.28170271	
-99.27790134	19.28193394	
-99.27788882	19.28232588	
-99.27788815	19.28259326	
-99.27656286	19.28336557	
-99.27332029	19.28518923	
-99.27358863	19.2855568	
-99.27498032	19.28746312	
-99.27616895	19.28909791	
-99.2747344	19.29132865	
-99.27316332	19.29314934	
-99.27246125	19.29421108	
-99.27249809	19.294658	
-99.27236805	19.29501366	
-99.27232677	19.29533458	
-99.27210743	19.29550566	
-99.27185405	19.29611268	
-99.27171697	19.2968276	
-99.27154154	19.29774198	
-99.27148618	19.29799671	
-99.27166382	19.29834174	
-99.2714726	19.299175	
-99.27055343	19.2996798	
-99.270333	19.30005958	
-99.27008252	19.30054149	
-99.26973665	19.30117628	
-99.26975877	19.30118437	
-99.27038034	19.30141149	
-99.27048592	19.30157328	
-99.27092949	19.30186205	
-99.2711558	19.30199438	
-99.27128212	19.30206826	
-99.27150408	19.30230912	
-99.27199495	19.3023898	
-99.2721404	19.30241371	
-99.272217	19.30245818	
-99.27206214	19.30256882	
-99.27150006	19.30301265	
-99.27141303	19.30308138	
-99.27098402	19.30351982	
-99.2708136	19.30373028	
-99.27061957	19.30396989	
-99.27042174	19.30412558	
-99.26990231	19.30437398	
-99.26975832	19.30443831	
-99.26938082	19.30460702	
-99.26936454	19.30461429	
-99.2693114	19.30463548	
-99.26904528	19.3047416	
-99.26843025	19.30511562	
-99.26855772	19.30524071	
-99.26870048	19.30533134	
-99.26917368	19.30550238	
-99.26933363	19.30556655	
-99.26942974	19.30560511	
-99.26978766	19.30572549	
-99.26987438	19.30573577	
-99.2699624	19.30574834	
-99.27000769	19.30576883	
-99.27011686	19.30593202	
-99.27018434	19.30604095	
-99.27031965	19.30632303	
-99.27044595	19.30651425	
-99.27057397	19.3066304	
-99.27077328	19.30673395	
-99.27081575	19.30675229	
-99.27083886	19.30676226	
-99.27088603	19.30678914	
-99.270919	19.30681848	
-99.2711006	19.30702235	
-99.27120365	19.30721888	
-99.27134166	19.30825692	
-99.27133563	19.30827889	
-99.27083905	19.30886291	
-99.27114548	19.30904946	
-99.27105363	19.30929465	
-99.27090952	19.30959078	
-99.27073349	19.30995252	
-99.27049809	19.31045202	
-99.2703644	19.31077817	
-99.27023654	19.31115255	
-99.27020951	19.31126735	
-99.27005531	19.31152385	
-99.2703396	19.31180075	
-99.27051029	19.31154465	
-99.27054466	19.31193668	
-99.2702722	19.31220418	
-99.27013831	19.31241798	
-99.2699808	19.3127314	
-99.26983002	19.31292585	
-99.26966922	19.31321598	
-99.26961914	19.31341335	
-99.26956637	19.31350308	
-99.26953392	19.31355825	
-99.26944058	19.31362502	
-99.26898512	19.31372957	
-99.26843817	19.31401	
-99.2680818	19.31408271	
-99.26794328	19.3141398	
-99.26779988	19.31419514	
-99.26764725	19.31420242	
-99.26762783	19.31415155	
-99.26768815	19.31407326	
-99.26769429	19.31402908	
-99.26752309	19.31380128	
-99.26739637	19.31379232	
-99.26721478	19.31372983	
-99.26678014	19.31352229	
-99.26605346	19.31345025	
-99.26590066	19.31343745	
-99.26572394	19.31367431	
-99.26568046	19.31374648	
-99.26559269	19.31389218	
-99.2655108	19.31406228	
-99.26543397	19.31419026	
-99.26528978	19.31434422	
-99.26513734	19.31455689	
-99.26497403	19.31479157	
-99.26465194	19.3150228	
-99.26451455	19.31531054	
-99.26436138	19.31541282	
-99.26414532	19.3155798	
-99.263812	19.31583932	
-99.263621	19.3159776	
-99.26317055	19.31630603	
-99.26277182	19.31677988	
-99.26244048	19.31716618	
-99.26223625	19.31731228	
-99.26176885	19.31768945	
-99.26169408	19.31782192	
-99.26160354	19.31828191	
-99.26139578	19.31871451	
-99.26103849	19.31955745	
-99.26081726	19.31988538	
-99.26057388	19.32014894	
-99.26045134	19.32044526	
-99.26037451	19.32056612	
-99.25989542	19.32103542	
-99.25975148	19.32118037	
-99.25962158	19.3213112	
-99.25921123	19.32160215	
-99.25904251	19.32181523	
-99.25873506	19.32205297	
-99.25857714	19.32212823	
-99.25842168	19.32227509	
-99.25807509	19.32238551	
-99.25794372	19.32249772	
-99.25779882	19.32259	
-99.25762002	19.32276255	
-99.25752942	19.32286163	
-99.25734305	19.3231204	
-99.25711125	19.32347317	
-99.25692083	19.32374394	
-99.25653174	19.32434305	
-99.25643165	19.32453903	
-99.25635857	19.32476188	
-99.25632889	19.32495242	
-99.25625862	19.32522085	
-99.256113	19.32543411	
-99.25591525	19.32572551	
-99.25581937	19.32572263	
-99.25560871	19.32600003	
-99.25533249	19.32638734	
-99.25517572	19.32655931	
-99.25490062	19.32667305	
-99.25468965	19.32676026	
-99.25415446	19.32692312	
-99.25398954	19.32695169	
-99.25387651	19.3269408	
-99.25363449	19.32687252	
-99.25335265	19.32686511	
-99.25310132	19.32698602	
-99.25259602	19.32706425	
-99.25225226	19.32708786	
-99.251381	19.32707925	
-99.25110823	19.32703035	
-99.25070632	19.3270282	
-99.25038458	19.32702866	
-99.24995863	19.32702923	
-99.24935266	19.32721315	
-99.2486878	19.32757066	
-99.24862748	19.32767617	
-99.24835028	19.32779558	
-99.24802694	19.32786937	
-99.24719629	19.32794105	
-99.24638629	19.32807914	
-99.24588551	19.32812246	
-99.24552311	19.32811	
-99.24538685	19.32813949	
-99.24529365	19.32817525	
-99.24502811	19.32843418	
-99.24462503	19.32845377	
-99.24422945	19.32855969	
-99.24383129	19.32845172	
-99.24372542	19.32846229	
-99.24361155	19.32847368	
-99.24353612	19.32846455	
-99.24305551	19.32822118	
-99.24277208	19.32799923	
-99.24273015	19.32795288	
-99.24249626	19.32759443	
-99.24217114	19.32706205	
-99.24110112	19.32530988	
-99.24107557	19.32517049	
-99.24057352	19.32465389	
-99.24037994	19.32445469	
-99.24032374	19.324422	
-99.24025957	19.32439674	
-99.24010195	19.32442483	
-99.24005622	19.32443568	
-99.23976137	19.32450562	
-99.23931729	19.32467578	
-99.23926097	19.32466765	
-99.23883175	19.32446658	
-99.23867118	19.32454115	
-99.23822688	19.32454174	
-99.23814574	19.32455089	
-99.23731292	19.32470028	
-99.23688877	19.32489418	
-99.23645362	19.32517188	
-99.23637157	19.32545774	
-99.23601368	19.32589885	
-99.23408351	19.32680798	
-99.23348854	19.32722751	
-99.23213174	19.32849485	
-99.23187751	19.32902817	
-99.23152691	19.32928846	
-99.23120146	19.32983518	
-99.23057308	19.33010886	
-99.2300972	19.33031611	
-99.22968291	19.3303652	
-99.22928986	19.33051502	
-99.22911494	19.33062406	
-99.22887517	19.33078071	
-99.22715708	19.3316038	
-99.22666975	19.3316044	
-99.22627098	19.33156288	
-99.22614888	19.33163468	
-99.22420486	19.33235808	
-99.22411517	19.33249729	
-99.22421569	19.33274898	
-99.22334303	19.33309294	
-99.22321166	19.333155	
-99.22240282	19.33353703	
-99.22188966	19.33370263	
-99.22132708	19.33382218	
-99.22004365	19.33393937	
-99.21913878	19.33397891	
-99.21856291	19.33439114	
-99.21782954	19.33461174	
-99.21750457	19.33465166	
-99.21713842	19.33469175	
-99.21701395	19.33481317	
-99.21683783	19.33508703	
-99.21658602	19.33522754	
-99.21601618	19.33527158	
-99.21588485	19.33532158	
-99.21573443	19.33539652	
-99.21556008	19.33552157	
-99.21541814	19.33567523	
-99.21531132	19.3361098	
-99.21512786	19.33625242	
-99.21486358	19.33638775	
-99.21477225	19.33640774	
-99.21443717	19.3364734	
-99.21427545	19.33649094	
-99.21383612	19.33653863	
-99.21372103	19.33655157	
-99.21356757	19.33655505	
-99.21328069	19.33651865	
-99.2123404	19.33619048	
-99.21198357	19.33628408	
-99.21174091	19.33625975	
-99.21148242	19.33619768	
-99.21122666	19.33625334	
-99.21050589	19.33665789	
-99.21002038	19.33691117	
-99.20974969	19.33714368	
-99.20946428	19.33734088	
-99.20885048	19.33763192	
-99.20838778	19.33785131	
-99.20815331	19.33788671	
-99.20785397	19.33786875	
-99.20751512	19.33781112	
-99.20781123	19.33734237	
-99.20819378	19.3367352	
