Tlalpan	12	1897
X	Y	
-99.19671103	19.30240497	
-99.19628608	19.30227817	
-99.19595355	19.30219897	
-99.19543343	19.30210217	
-99.19506931	19.30205505	
-99.19505368	19.30205303	
-99.19505165	19.30205286	
-99.19483522	19.30203442	
-99.19446782	19.30201283	
-99.19402102	19.30201331	
-99.19345114	19.30204842	
-99.19293423	19.30210546	
-99.19158443	19.30225437	
-99.18956389	19.30247778	
-99.188283	19.30262266	
-99.18807958	19.3026464	
-99.18624697	19.3028394	
-99.18598152	19.30286557	
-99.18576074	19.30288932	
-99.18418863	19.30307031	
-99.18364783	19.30312969	
-99.18320811	19.30317726	
-99.1828236	19.30322237	
-99.18234903	19.30327954	
-99.18143003	19.30336517	
-99.18126134	19.30337475	
-99.18066097	19.30341066	
-99.18036728	19.30342531	
-99.17988349	19.30343755	
-99.17940663	19.30344025	
-99.17928754	19.30344035	
-99.17855562	19.30341518	
-99.17732398	19.30333155	
-99.17713322	19.30331569	
-99.17713165	19.30331555	
-99.17711555	19.30331349	
-99.176799	19.30327282	
-99.17654938	19.30323111	
-99.1758882	19.30314757	
-99.17528785	19.30306122	
-99.17465797	19.30298057	
-99.17405131	19.30289423	
-99.17341622	19.30281091	
-99.17286826	19.30273055	
-99.17222685	19.30264125	
-99.17167969	19.30256565	
-99.17166203	19.30256345	
-99.1714932	19.30254246	
-99.17149275	19.3025424	
-99.17147554	19.30254026	
-99.17147508	19.3025402	
-99.1709486	19.30247115	
-99.17033994	19.30238822	
-99.17019586	19.30236478	
-99.17019406	19.30236449	
-99.1701782	19.30236258	
-99.16985429	19.30232366	
-99.16983945	19.30232188	
-99.16983663	19.30232146	
-99.16967848	19.30229817	
-99.16912454	19.30222197	
-99.16901643	19.30220688	
-99.16848589	19.30213331	
-99.16815889	19.30209029	
-99.1679326	19.30206178	
-99.16757122	19.30201471	
-99.16756274	19.30201362	
-99.16755354	19.30201251	
-99.16728488	19.30198048	
-99.16727225	19.30197897	
-99.1672672	19.30197828	
-99.1666438	19.30189243	
-99.16650569	19.30187508	
-99.16599062	19.30180477	
-99.16592049	19.30179522	
-99.16555995	19.30174602	
-99.1654742	19.30173411	
-99.16490118	19.30165449	
-99.16427726	19.30156786	
-99.16377712	19.30149894	
-99.16330217	19.30143351	
-99.16318009	19.30141686	
-99.16285465	19.30137249	
-99.16271349	19.30134912	
-99.16256006	19.30132372	
-99.16226289	19.30127742	
-99.1619994	19.30122282	
-99.16159642	19.30112085	
-99.16155074	19.30110828	
-99.16129585	19.30102895	
-99.16077348	19.30082805	
-99.16024425	19.30056602	
-99.15997322	19.30041566	
-99.15971532	19.30024288	
-99.15939566	19.30000617	
-99.15904611	19.29974732	
-99.15887126	19.29959017	
-99.15865052	19.29937052	
-99.15841828	19.29913291	
-99.15790862	19.29848795	
-99.15748094	19.29789174	
-99.15733448	19.29769892	
-99.156804	19.29701637	
-99.15672035	19.29690874	
-99.15666882	19.29684235	
-99.15666454	19.29683683	
-99.15665114	19.29684014	
-99.15642374	19.29689629	
-99.15595549	19.29699403	
-99.15526535	19.29714109	
-99.15521518	19.29715123	
-99.15461428	19.29727306	
-99.15383418	19.29743363	
-99.15214071	19.29782752	
-99.1519404	19.29788283	
-99.15178748	19.29793274	
-99.15162095	19.29800642	
-99.15154768	19.29806402	
-99.1513788	19.29819551	
-99.15110054	19.29838323	
-99.15073185	19.29862875	
-99.1506324	19.2987002	
-99.15009432	19.29908675	
-99.14960989	19.29945294	
-99.1487866	19.30009265	
-99.14818572	19.30057082	
-99.14785668	19.30082917	
-99.14764211	19.30102855	
-99.14741806	19.30127754	
-99.14741008	19.30128642	
-99.1474004	19.30127534	
-99.14713011	19.30096652	
-99.14712798	19.30096408	
-99.14711245	19.30096431	
-99.14693042	19.300967	
-99.14660729	19.30092795	
-99.14659046	19.30092592	
-99.14658963	19.30092575	
-99.14610158	19.30082723	
-99.14564608	19.30073312	
-99.14524522	19.30062128	
-99.14505697	19.30054872	
-99.14469814	19.30040946	
-99.14462346	19.30038048	
-99.14451118	19.30033834	
-99.14409635	19.30017694	
-99.14375032	19.30004454	
-99.14339186	19.29990708	
-99.14263055	19.29961191	
-99.14261623	19.29960635	
-99.14261289	19.29960971	
-99.14236498	19.29985809	
-99.14207449	19.30015551	
-99.14176726	19.30047003	
-99.14125568	19.30102251	
-99.14092835	19.30137868	
-99.1408882	19.30142223	
-99.14067285	19.30165585	
-99.14051425	19.30182789	
-99.1401612	19.30224385	
-99.14012791	19.30228	
-99.13967968	19.30278585	
-99.13965362	19.30281365	
-99.13937282	19.30311338	
-99.13936275	19.30312463	
-99.13902948	19.30349635	
-99.13894795	19.30358529	
-99.13869997	19.30386178	
-99.13864457	19.30392542	
-99.13844949	19.30414435	
-99.13826389	19.3043278	
-99.13814977	19.30444652	
-99.13789838	19.30471817	
-99.13771958	19.30492092	
-99.13711662	19.30560468	
-99.136401	19.30631914	
-99.13610886	19.30663108	
-99.13557603	19.30721706	
-99.13472802	19.30828983	
-99.13472472	19.30829398	
-99.13471034	19.30828763	
-99.13416742	19.30804794	
-99.13279857	19.30744291	
-99.13249808	19.30732543	
-99.13150614	19.30690128	
-99.13096511	19.30666802	
-99.13045517	19.30644854	
-99.13001625	19.30625963	
-99.12997154	19.30624034	
-99.12947286	19.30602503	
-99.12894948	19.30579705	
-99.1282984	19.30551811	
-99.1278142	19.30531065	
-99.12761786	19.30522654	
-99.12731783	19.30510057	
-99.12708262	19.30500183	
-99.12683791	19.30489909	
-99.1260834	19.30457372	
-99.12482588	19.30404086	
-99.12465626	19.30398055	
-99.12461022	19.30396295	
-99.12297414	19.30328695	
-99.12243778	19.30308785	
-99.12202695	19.30293658	
-99.12093911	19.30259612	
-99.11984954	19.30225898	
-99.11778674	19.30168312	
-99.11741545	19.30157968	
-99.11680778	19.30142025	
-99.11616582	19.30126395	
-99.11567746	19.30114449	
-99.11556328	19.30111655	
-99.11429423	19.30081374	
-99.11365175	19.30067734	
-99.11296362	19.30053806	
-99.11245337	19.30041615	
-99.11195768	19.30029277	
-99.11143063	19.30015935	
-99.11029892	19.29988803	
-99.10992725	19.29979865	
-99.10942169	19.2996726	
-99.10921425	19.29962	
-99.10920742	19.29961826	
-99.10919657	19.29961778	
-99.10880775	19.29960077	
-99.10843082	19.29962622	
-99.10821585	19.29964243	
-99.10738129	19.29969255	
-99.10725335	19.29969595	
-99.10707635	19.29970771	
-99.10657515	19.29973294	
-99.10638931	19.29974268	
-99.10608388	19.29975982	
-99.10556674	19.29979085	
-99.10541934	19.2997976	
-99.10501652	19.29981749	
-99.10494951	19.29982114	
-99.10450243	19.2998442	
-99.10403583	19.29986814	
-99.10376649	19.29988385	
-99.10212088	19.29997162	
-99.101329	19.30000946	
-99.10102595	19.3000194	
-99.10094705	19.30002074	
-99.10092917	19.30002105	
-99.10092938	19.30001854	
-99.10122255	19.29662771	
-99.10136374	19.29520006	
-99.10274431	19.29457186	
-99.10289245	19.29450555	
-99.10375855	19.29411006	
-99.10396429	19.29401272	
-99.10444571	19.29378494	
-99.1046202	19.29370237	
-99.10502205	19.29351714	
-99.10568397	19.2932796	
-99.1057324	19.29326082	
-99.10617745	19.293098	
-99.10813711	19.29228114	
-99.109294	19.29178655	
-99.11029274	19.29136969	
-99.11036157	19.29134162	
-99.11160557	19.29080749	
-99.11284057	19.29028597	
-99.11453314	19.28956371	
-99.11490691	19.2894042	
-99.11571362	19.28906066	
-99.11793223	19.28811788	
-99.12164612	19.28653162	
-99.12222211	19.28628654	
-99.12391018	19.28556912	
-99.1243376	19.28543103	
-99.12492522	19.28524118	
-99.12499902	19.28522075	
-99.12520048	19.28516758	
-99.12544229	19.2851032	
-99.12573748	19.28501862	
-99.12758457	19.28450146	
-99.12828975	19.28430578	
-99.12913428	19.28406766	
-99.12952192	19.28395888	
-99.13037289	19.28372003	
-99.13083197	19.28359114	
-99.13141632	19.28342698	
-99.13199443	19.2832668	
-99.13248429	19.28313106	
-99.1340134	19.28270094	
-99.13510705	19.28246145	
-99.13592875	19.28233525	
-99.13647243	19.28227629	
-99.13699229	19.28223491	
-99.13745885	19.28221063	
-99.13788543	19.28220646	
-99.13855325	19.28222835	
-99.1389042	19.28224322	
-99.13926743	19.28226545	
-99.13969117	19.28231615	
-99.14023291	19.28238518	
-99.14089857	19.28249892	
-99.14105595	19.2825286	
-99.14107988	19.28229272	
-99.14119568	19.2811904	
-99.1411948	19.28107403	
-99.14134757	19.28006949	
-99.14146014	19.27915508	
-99.14145192	19.27906711	
-99.14143237	19.27885808	
-99.14150178	19.27838815	
-99.14153835	19.27795832	
-99.14155785	19.27754397	
-99.14164374	19.27709735	
-99.14173045	19.27661698	
-99.14177252	19.27568694	
-99.14191378	19.27511943	
-99.14197668	19.27479762	
-99.14200169	19.27467571	
-99.14208792	19.27394463	
-99.14113868	19.27373009	
-99.14118814	19.27353455	
-99.14141574	19.27277774	
-99.14163146	19.27229408	
-99.14175992	19.27189283	
-99.14186863	19.27145574	
-99.14204782	19.27085685	
-99.14213928	19.27069295	
-99.1422108	19.27067026	
-99.14238769	19.27069369	
-99.14251785	19.27067757	
-99.14260994	19.27062418	
-99.14279608	19.27050366	
-99.14289578	19.27037245	
-99.14299977	19.27024525	
-99.14307058	19.2701042	
-99.14316489	19.26979969	
-99.14336774	19.26947051	
-99.14359178	19.26951072	
-99.14376343	19.26951058	
-99.1439462	19.26954054	
-99.14435892	19.26884428	
-99.14455177	19.26846551	
-99.14467997	19.2682316	
-99.14473057	19.26812995	
-99.14481023	19.2678706	
-99.14490974	19.26755954	
-99.14492143	19.26744683	
-99.14412686	19.26734388	
-99.14385465	19.26730654	
-99.14362871	19.26727177	
-99.14344052	19.26725322	
-99.14322337	19.26723222	
-99.14333103	19.26652198	
-99.14248751	19.26669263	
-99.14240314	19.26662489	
-99.14243165	19.26516448	
-99.142455	19.26489122	
-99.14249892	19.26437695	
-99.14246818	19.26432669	
-99.14240262	19.26423508	
-99.14237406	19.26416026	
-99.14242102	19.26395542	
-99.14243611	19.263765	
-99.14243	19.26359683	
-99.14242365	19.26343655	
-99.14239454	19.26335265	
-99.14235752	19.26329255	
-99.14231655	19.26322995	
-99.14228566	19.26302674	
-99.14225386	19.26254695	
-99.14211018	19.26184697	
-99.14211492	19.26177638	
-99.14212688	19.26172402	
-99.14214605	19.26167955	
-99.142219	19.2615096	
-99.14226642	19.26140009	
-99.14230194	19.2613172	
-99.14235032	19.2612002	
-99.14241312	19.26105514	
-99.14243434	19.26095634	
-99.14239682	19.26061854	
-99.14239885	19.2604694	
-99.14238389	19.26034757	
-99.14236668	19.26023446	
-99.14225888	19.25999209	
-99.1422104	19.25990652	
-99.14209526	19.25985483	
-99.14202231	19.25978468	
-99.14191474	19.25956255	
-99.14178885	19.25929546	
-99.141721	19.25922378	
-99.14163682	19.25917875	
-99.14150429	19.25908035	
-99.14141906	19.25901498	
-99.14132808	19.25896278	
-99.1411882	19.25890051	
-99.14106003	19.25883382	
-99.14094429	19.25877195	
-99.14085602	19.25867748	
-99.14075425	19.25854258	
-99.14057328	19.25839325	
-99.14045423	19.25828855	
-99.14033274	19.25813409	
-99.14025623	19.25801402	
-99.14020768	19.25792231	
-99.14017289	19.25786242	
-99.14016308	19.25782283	
-99.14016043	19.25777395	
-99.14017431	19.25770225	
-99.14018638	19.25763702	
-99.14020655	19.25756411	
-99.14025029	19.25747557	
-99.14031726	19.25740151	
-99.1404538	19.25730962	
-99.14063774	19.2571982	
-99.14079335	19.25707148	
-99.1408008	19.25699969	
-99.14078154	19.25694302	
-99.14074698	19.25686314	
-99.14058855	19.25657669	
-99.14053638	19.25652568	
-99.14048497	19.25649294	
-99.14039062	19.25644306	
-99.14022169	19.25637868	
-99.14012078	19.25634129	
-99.14004446	19.2562806	
-99.14000902	19.25623198	
-99.13995157	19.25612895	
-99.13981829	19.25589238	
-99.13973306	19.25572363	
-99.13958694	19.25545922	
-99.13945703	19.25493403	
-99.13939466	19.25469328	
-99.13940338	19.25460428	
-99.13947875	19.25434223	
-99.13949395	19.25423271	
-99.13953831	19.25409195	
-99.13957745	19.25391009	
-99.13961169	19.25378675	
-99.1396336	19.25367312	
-99.13967098	19.25356637	
-99.13969246	19.25343428	
-99.13969238	19.25335942	
-99.13975869	19.25332438	
-99.13979822	19.25332435	
-99.13983908	19.25330315	
-99.13987786	19.2532458	
-99.13994406	19.25309294	
-99.13995452	19.25300705	
-99.14002895	19.25294134	
-99.14008422	19.25286252	
-99.14010195	19.25281869	
-99.14014474	19.25275238	
-99.14018968	19.25259345	
-99.1402008	19.25252183	
-99.14019637	19.25246771	
-99.14017662	19.25241163	
-99.14017169	19.25235151	
-99.14014251	19.25225489	
-99.14013297	19.25220735	
-99.1401302	19.25215802	
-99.14014062	19.25209208	
-99.14015769	19.25201768	
-99.14015974	19.25199812	
-99.14015622	19.25194545	
-99.14015617	19.25190103	
-99.1402122	19.25184185	
-99.14033514	19.25178828	
-99.14042168	19.25162646	
-99.14045815	19.25154066	
-99.14048475	19.25145252	
-99.14051463	19.25140255	
-99.14052075	19.25137745	
-99.14050166	19.2513554	
-99.14048395	19.25128505	
-99.14055215	19.25125475	
-99.14065838	19.25122586	
-99.14068975	19.25122125	
-99.14071758	19.25114178	
-99.14077249	19.25104431	
-99.14079897	19.25097712	
-99.14085591	19.25096234	
-99.14091826	19.25095532	
-99.14095155	19.2509474	
-99.14098646	19.25091118	
-99.14103391	19.25086955	
-99.141074	19.25082828	
-99.14111174	19.25075635	
-99.14125465	19.25064766	
-99.14126311	19.25061277	
-99.14127449	19.25055486	
-99.14130889	19.25047849	
-99.14135328	19.25039408	
-99.14142917	19.25026349	
-99.14148398	19.25013138	
-99.14156458	19.25000006	
-99.14159972	19.24993689	
-99.14163145	19.24985863	
-99.14169109	19.24975109	
-99.14169855	19.24969045	
-99.14170262	19.24959095	
-99.14170848	19.24955177	
-99.1417232	19.24951818	
-99.14171575	19.24943425	
-99.14171128	19.24936431	
-99.14167932	19.24916606	
-99.14169192	19.24908358	
-99.14172563	19.2489952	
-99.14166751	19.24885885	
-99.14156318	19.24869091	
-99.14137815	19.2485848	
-99.14110715	19.24844663	
-99.1409586	19.24834545	
-99.140812	19.24827009	
-99.14062172	19.24811209	
-99.14051749	19.24805535	
-99.14036375	19.24798134	
-99.14030257	19.24781054	
-99.14022883	19.24758145	
-99.139989	19.24734935	
-99.13981688	19.24709005	
-99.13973814	19.24694769	
-99.13961032	19.24672294	
-99.13939588	19.24636132	
-99.13927595	19.24623786	
-99.13904138	19.24604283	
-99.13892151	19.24596634	
-99.14000385	19.24419282	
-99.14019032	19.24385131	
-99.14022512	19.24380332	
-99.14028598	19.24367397	
-99.14033152	19.24362791	
-99.14038409	19.24359472	
-99.14104705	19.24358782	
-99.14109574	19.24359243	
-99.14114351	19.24360363	
-99.14162146	19.24375465	
-99.14165311	19.24374775	
-99.1417088	19.24367983	
-99.14170672	19.24365402	
-99.14165612	19.24358122	
-99.14171469	19.24359451	
-99.14200543	19.24364434	
-99.1420596	19.24368209	
-99.14223622	19.24386934	
-99.14233146	19.24415903	
-99.1433154	19.2444812	
-99.14366578	19.24461863	
-99.1442554	19.24474026	
-99.14419183	19.2445798	
-99.14425088	19.24418614	
-99.14425292	19.24400074	
-99.1442514	19.24366074	
-99.14423985	19.24355872	
-99.14416735	19.24299854	
-99.14412905	19.24270232	
-99.14411692	19.24260872	
-99.14409574	19.24255725	
-99.14408074	19.24237975	
-99.14405742	19.24203832	
-99.14403171	19.24170214	
-99.14400605	19.24146318	
-99.14397737	19.24087345	
-99.14397492	19.24080882	
-99.14394431	19.24018975	
-99.14394825	19.24016006	
-99.14401149	19.23968449	
-99.14417722	19.23967015	
-99.14514498	19.23947226	
-99.14534469	19.23938557	
-99.14560477	19.23932508	
-99.14606078	19.23932843	
-99.14612032	19.23932898	
-99.14621643	19.23946246	
-99.14630802	19.23988012	
-99.14642391	19.24006252	
-99.14658334	19.24025558	
-99.1466832	19.24033678	
-99.14689651	19.24040988	
-99.14701762	19.24042934	
-99.14713675	19.24042054	
-99.14736015	19.24036537	
-99.14751983	19.24025922	
-99.14734157	19.23995283	
-99.14716618	19.23959612	
-99.14701591	19.23929942	
-99.14633483	19.23799302	
-99.14616866	19.23767425	
-99.14615542	19.23764855	
-99.14503932	19.23554626	
-99.14483786	19.23519638	
-99.14445254	19.23452486	
-99.14469068	19.23450308	
-99.14478217	19.23448002	
-99.14480435	19.23445188	
-99.14484429	19.23438438	
-99.14491978	19.23434074	
-99.14506197	19.23433782	
-99.14522048	19.23437002	
-99.14533209	19.23443831	
-99.14539823	19.2344562	
-99.14549818	19.23441995	
-99.14555783	19.23437068	
-99.14563674	19.23432242	
-99.14578086	19.23432248	
-99.14587509	19.2343174	
-99.14592246	19.23428215	
-99.14600055	19.23421765	
-99.14609043	19.23421358	
-99.14621097	19.2342254	
-99.14633095	19.23420126	
-99.14644488	19.23421057	
-99.14658718	19.23424763	
-99.14672094	19.23432117	
-99.14688642	19.23437557	
-99.14741495	19.23442085	
-99.14757846	19.23446534	
-99.14774232	19.23454206	
-99.14787674	19.23455725	
-99.14796562	19.23463778	
-99.14810108	19.23472314	
-99.1481818	19.23479385	
-99.14834286	19.23489703	
-99.14840248	19.23497765	
-99.14841978	19.23513122	
-99.14838809	19.23533792	
-99.1483426	19.23543525	
-99.14826446	19.23552783	
-99.14816574	19.23563351	
-99.14811517	19.23572534	
-99.14805709	19.23589797	
-99.14800994	19.23601306	
-99.14795571	19.23606745	
-99.14796302	19.23611692	
-99.14797372	19.23614989	
-99.1479886	19.23616786	
-99.14801609	19.23619478	
-99.14806343	19.2362254	
-99.14809971	19.23624929	
-99.14813771	19.2362642	
-99.14823412	19.23630846	
-99.148298	19.23616843	
-99.14837098	19.23600168	
-99.14836991	19.23583331	
-99.14838986	19.23577534	
-99.14843697	19.23572022	
-99.14852998	19.2356796	
-99.14861395	19.23566942	
-99.14870709	19.23566498	
-99.1487894	19.23558234	
-99.14883818	19.23552288	
-99.14889186	19.23536389	
-99.14894109	19.23519266	
-99.14901054	19.23511743	
-99.14909655	19.23503425	
-99.14916672	19.23495763	
-99.14920205	19.2348878	
-99.14928257	19.2348442	
-99.14941365	19.23480069	
-99.14949428	19.23474486	
-99.14954157	19.23468115	
-99.14956943	19.23462545	
-99.14957232	19.23455388	
-99.14953634	19.23448771	
-99.14943646	19.23441905	
-99.14934494	19.23434506	
-99.14930666	19.23426846	
-99.14931089	19.23417571	
-99.14938714	19.23408778	
-99.14946506	19.23403188	
-99.14954563	19.23403432	
-99.14959551	19.23408192	
-99.14966208	19.23413212	
-99.14978146	19.23416098	
-99.15002589	19.23418152	
-99.15013426	19.2341706	
-99.15025094	19.23417823	
-99.15030923	19.23419398	
-99.15038694	19.23423355	
-99.15044234	19.2342944	
-99.15046429	19.23441371	
-99.15047791	19.23453831	
-99.15048052	19.23462843	
-99.15049214	19.23467112	
-99.15059149	19.23469706	
-99.15068317	19.23468886	
-99.15074458	19.23454023	
-99.15076442	19.23437571	
-99.15073708	19.23420597	
-99.15070415	19.23406535	
-99.1506572	19.23397786	
-99.15056072	19.23375498	
-99.15052523	19.23367211	
-99.15049109	19.23353088	
-99.1504768	19.23341383	
-99.15052026	19.23321106	
-99.1505796	19.23316757	
-99.15060162	19.23308317	
-99.150586	19.23291855	
-99.15057526	19.23265472	
-99.15060363	19.23256066	
-99.15070154	19.23241268	
-99.15081666	19.23231014	
-99.15085188	19.23223477	
-99.15086594	19.23208345	
-99.15090137	19.23198398	
-99.15093263	19.23194182	
-99.15097606	19.23190826	
-99.15109908	19.23177197	
-99.1511704	19.23157938	
-99.15123266	19.23149132	
-99.15136597	19.23135385	
-99.15152638	19.23119669	
-99.15162492	19.23107652	
-99.15174008	19.23080975	
-99.15178089	19.23066491	
-99.15179371	19.23048108	
-99.15182126	19.23021131	
-99.15186031	19.23006832	
-99.15191446	19.22997392	
-99.15202014	19.22980306	
-99.15212846	19.22962285	
-99.1522308	19.22947978	
-99.15233317	19.2293682	
-99.15237528	19.22927666	
-99.15238938	19.22913468	
-99.15241726	19.22897438	
-99.15245631	19.22882854	
-99.15251334	19.22858258	
-99.15256182	19.2284268	
-99.15264895	19.22815795	
-99.15270003	19.22794511	
-99.15276906	19.22764769	
-99.15283209	19.22736457	
-99.15286503	19.22713866	
-99.15293531	19.22690223	
-99.15298426	19.22664991	
-99.153072	19.22651083	
-99.15318071	19.22631942	
-99.15326162	19.22615975	
-99.15337849	19.22598183	
-99.15331697	19.22586254	
-99.15321209	19.22560294	
-99.15312337	19.22534243	
-99.15303914	19.22520651	
-99.1529736	19.22509923	
-99.15290012	19.22500326	
-99.15284057	19.22493365	
-99.15278497	19.22487345	
-99.15273734	19.22483771	
-99.15269105	19.22481597	
-99.15263748	19.224784	
-99.15254026	19.22474077	
-99.15245637	19.22471018	
-99.15236632	19.22468462	
-99.15227642	19.2246732	
-99.15221162	19.22467157	
-99.15212037	19.22466222	
-99.15196474	19.22464809	
-99.15186245	19.22462932	
-99.15174562	19.22462066	
-99.15160218	19.22460969	
-99.15155192	19.22460685	
-99.15149555	19.22459678	
-99.15145137	19.2245838	
-99.15140871	19.22456505	
-99.1513706	19.22454774	
-99.15132031	19.22451742	
-99.15127368	19.22448494	
-99.15123286	19.22445009	
-99.15119048	19.22440552	
-99.15116417	19.22437195	
-99.15114351	19.22434117	
-99.15112829	19.22431509	
-99.15111522	19.22428951	
-99.15110305	19.22426198	
-99.15109222	19.22423308	
-99.15108451	19.22420849	
-99.15107862	19.22418606	
-99.15107438	19.22415108	
-99.15107322	19.22411362	
-99.1510752	19.22407911	
-99.15108077	19.22404137	
-99.15109025	19.22400288	
-99.15110106	19.22397131	
-99.15111389	19.22394157	
-99.15113343	19.22390043	
-99.15115318	19.22385415	
-99.15117142	19.22381075	
-99.15118694	19.22377708	
-99.15119663	19.22374623	
-99.15120223	19.223717	
-99.15120445	19.22369072	
-99.15120391	19.22366188	
-99.15120074	19.22363594	
-99.15118458	19.22356182	
-99.15116469	19.2234866	
-99.15115022	19.22340797	
-99.15122077	19.22324451	
-99.15131472	19.22320794	
-99.15139586	19.22322248	
-99.15140832	19.22323042	
-99.15142609	19.22328175	
-99.15144754	19.22335277	
-99.15147834	19.22342251	
-99.15151177	19.22344023	
-99.15154383	19.22343894	
-99.15157988	19.22341734	
-99.15161989	19.22335262	
-99.15165186	19.22326126	
-99.15167183	19.2231864	
-99.15169045	19.22311028	
-99.15177486	19.22287366	
-99.1518422	19.22273122	
-99.15190934	19.22241248	
-99.15202288	19.22203946	
-99.15203662	19.22188215	
-99.15200982	19.22174114	
-99.1520638	19.22129586	
-99.15229025	19.22087754	
-99.15233795	19.22071477	
-99.15248052	19.22053383	
-99.15261706	19.22046814	
-99.15276705	19.22046211	
-99.15284157	19.22050329	
-99.15293442	19.22058088	
-99.15305774	19.22074122	
-99.15321711	19.22098517	
-99.15328449	19.22118398	
-99.15342425	19.22140986	
-99.15348152	19.22158157	
-99.15351937	19.22180625	
-99.15439486	19.22063928	
-99.14954365	19.21922408	
-99.13831586	19.21572825	
-99.13301434	19.21009502	
-99.13297346	19.21007674	
-99.1328746	19.21002582	
-99.13282148	19.20997934	
-99.13287048	19.20992248	
-99.13291868	19.20985662	
-99.13291569	19.20975237	
-99.132773	19.20943906	
-99.13276634	19.20925571	
-99.13279666	19.20898403	
-99.13277015	19.20833482	
-99.13270425	19.20823942	
-99.13252514	19.20812488	
-99.13241977	19.2080002	
-99.13232025	19.20770009	
-99.132323	19.20762748	
-99.13249775	19.20715515	
-99.1325224	19.20700917	
-99.13249957	19.20672348	
-99.1324312	19.20647905	
-99.13227168	19.20623872	
-99.13198003	19.20591454	
-99.13164288	19.2056094	
-99.13156595	19.20552923	
-99.13148512	19.2054282	
-99.13136602	19.20522208	
-99.13121369	19.20480011	
-99.13120689	19.20456548	
-99.13092417	19.2042046	
-99.13083269	19.20412388	
-99.13076566	19.20407774	
-99.130553	19.20400708	
-99.13050754	19.20399283	
-99.13043845	19.20397032	
-99.13011431	19.20388258	
-99.13008334	19.20384632	
-99.13007966	19.20380018	
-99.13008872	19.20375302	
-99.13019943	19.20351694	
-99.13022848	19.20343226	
-99.1303024	19.20317555	
-99.12991746	19.20304555	
-99.12974728	19.20301666	
-99.12931315	19.20300312	
-99.12939217	19.20251586	
-99.12939622	19.20246497	
-99.12942977	19.20206906	
-99.12946526	19.2018162	
-99.12948066	19.2016616	
-99.12953903	19.20107209	
-99.12954026	19.20068209	
-99.12954003	19.20038211	
-99.1294694	19.20032277	
-99.12940355	19.20022535	
-99.12936018	19.20015838	
-99.12934249	19.20009902	
-99.12933458	19.20003782	
-99.12934006	19.19988206	
-99.12932068	19.19983625	
-99.12928746	19.19980478	
-99.12915272	19.19974365	
-99.12911734	19.19971531	
-99.12908949	19.19967146	
-99.12908463	19.19958491	
-99.12909288	19.19944118	
-99.12911277	19.19932348	
-99.12913995	19.199191	
-99.12919963	19.19904602	
-99.12927715	19.19890097	
-99.12937794	19.19874214	
-99.12944877	19.19859966	
-99.12947812	19.19852052	
-99.12949838	19.19845586	
-99.12950983	19.19840766	
-99.12951538	19.19836932	
-99.12951249	19.19832552	
-99.12949963	19.19829246	
-99.12948032	19.19826234	
-99.12945706	19.19823655	
-99.12937508	19.19819075	
-99.12929292	19.19816425	
-99.12926962	19.19812688	
-99.12927374	19.19803678	
-99.1292742	19.19800449	
-99.12930894	19.19793755	
-99.12943782	19.19777082	
-99.12954109	19.19765529	
-99.12950772	19.1975134	
-99.12948145	19.19745422	
-99.12947298	19.19737789	
-99.12950592	19.197271	
-99.12961306	19.19712063	
-99.13002063	19.19674512	
-99.13022322	19.19661142	
-99.13039377	19.19638175	
-99.13045066	19.19620548	
-99.13042617	19.19609614	
-99.13022045	19.19584363	
-99.13012423	19.19558668	
-99.13004734	19.19545909	
-99.12994357	19.19535708	
-99.13002158	19.19491075	
-99.13012338	19.19468023	
-99.1300928	19.19456722	
-99.13007826	19.19451374	
-99.1301038	19.19446803	
-99.1302362	19.19436617	
-99.13027938	19.19433412	
-99.13049115	19.19401254	
-99.13046828	19.19376018	
-99.130472	19.19366266	
-99.13057769	19.19338522	
-99.13061614	19.19316485	
-99.130775	19.19294031	
-99.13064155	19.19269558	
-99.13065428	19.19245077	
-99.13059828	19.19229172	
-99.13065831	19.19206725	
-99.13065797	19.19164674	
-99.13067272	19.19131491	
-99.13047718	19.19108309	
-99.1301494	19.19090217	
-99.130003	19.19073343	
-99.12999595	19.19049031	
-99.12993514	19.19029751	
-99.12934763	19.18981117	
-99.12872843	19.18914525	
-99.12816195	19.18881085	
-99.12773509	19.18847449	
-99.12756966	19.18829128	
-99.1274124	19.18810843	
-99.12726797	19.18786254	
-99.12712125	19.1875644	
-99.12707612	19.18726618	
-99.12725152	19.18699983	
-99.12738582	19.18671426	
-99.12748591	19.18640735	
-99.12786003	19.18604532	
-99.12837366	19.18560938	
-99.12873838	19.18502994	
-99.12886268	19.18478951	
-99.12897046	19.18465154	
-99.12911566	19.18460809	
-99.12942954	19.18454714	
-99.12951514	19.18446763	
-99.12959386	19.18431785	
-99.12968092	19.18422323	
-99.12977217	19.18416406	
-99.1298676	19.18415217	
-99.12997131	19.18411665	
-99.13010123	19.18393375	
-99.13019577	19.18370295	
-99.13024209	19.18335638	
-99.13025731	19.18295085	
-99.13033465	19.18255265	
-99.13049752	19.18230922	
-99.13080018	19.18210255	
-99.13104845	19.18180745	
-99.13128683	19.18125329	
-99.13147588	19.18062963	
-99.13162323	19.18039358	
-99.13186366	19.18005425	
-99.1319798	19.17961915	
-99.13207271	19.17927255	
-99.13215791	19.17900706	
-99.13224312	19.17875631	
-99.13239455	19.17853222	
-99.13240182	19.17821206	
-99.13232622	19.17796157	
-99.13229586	19.17770388	
-99.13229566	19.17746765	
-99.13232563	19.17721708	
-99.13243851	19.17697362	
-99.13250486	19.17677229	
-99.1325022	19.17666934	
-99.13241431	19.17653702	
-99.13231092	19.17639491	
-99.13224945	19.17621495	
-99.13216118	19.17583695	
-99.13213272	19.17550145	
-99.13206374	19.17512009	
-99.13195018	19.17486454	
-99.13175157	19.17454851	
-99.13156718	19.17429303	
-99.13138278	19.17403752	
-99.13110635	19.17384265	
-99.13091192	19.17360332	
-99.13079498	19.1734204	
-99.13046888	19.17297102	
-99.13019672	19.17267072	
-99.130073	19.17251502	
-99.13003388	19.17244638	
-99.1299494	19.17236028	
-99.12995055	19.17224602	
-99.12996278	19.17219585	
-99.12999715	19.17213751	
-99.13007148	19.17208355	
-99.13024435	19.17200809	
-99.13034192	19.17195943	
-99.13040969	19.17190982	
-99.13046185	19.17185529	
-99.1304774	19.17180074	
-99.13050889	19.17164395	
-99.13054318	19.17139365	
-99.13053302	19.17104751	
-99.13051966	19.17083772	
-99.13047794	19.17072152	
-99.13051454	19.17057277	
-99.13052083	19.17040212	
-99.13031348	19.16885906	
-99.13017422	19.16822048	
-99.13020228	19.16726403	
-99.13021752	19.16657943	
-99.13031477	19.16590606	
-99.13047102	19.16540889	
-99.13064143	19.16490042	
-99.13106845	19.16405549	
-99.13165034	19.16318555	
-99.13181465	19.16260894	
-99.13197635	19.16212663	
-99.13224865	19.16160908	
-99.13239866	19.16128377	
-99.13252329	19.16084803	
-99.13269489	19.16013443	
-99.13272498	19.15933866	
-99.13282471	19.15858368	
-99.13289483	19.15772752	
-99.13279529	19.15662369	
-99.13283662	19.15582502	
-99.13279535	19.15488078	
-99.13255505	19.15429835	
-99.13246785	19.15398965	
-99.13261154	19.15338163	
-99.13260026	19.15321966	
-99.13258163	19.15312114	
-99.13250885	19.15302635	
-99.13214157	19.1529214	
-99.13165815	19.15263451	
-99.13140332	19.15265348	
-99.13105074	19.15266868	
-99.13024432	19.15254417	
-99.13123154	19.15075038	
-99.13240605	19.14861129	
-99.13721135	19.15075038	
-99.13777332	19.15099562	
-99.13853226	19.15133835	
-99.13894865	19.15144345	
-99.13942615	19.15164722	
-99.13977425	19.15180737	
-99.1400202	19.15195857	
-99.14040432	19.15221326	
-99.14069557	19.15249669	
-99.14084909	19.1529184	
-99.14113295	19.15351455	
-99.14152398	19.15405972	
-99.14182252	19.15448006	
-99.14203408	19.15474332	
-99.14228365	19.15513638	
-99.14251923	19.1555576	
-99.14274955	19.15608035	
-99.14293832	19.15651397	
-99.1430562	19.15681851	
-99.14323825	19.15714329	
-99.14344582	19.15753885	
-99.14367708	19.15783465	
-99.14396082	19.15811685	
-99.14423002	19.15839905	
-99.14449415	19.15866545	
-99.14480455	19.15886403	
-99.14492218	19.15892834	
-99.14545783	19.15921372	
-99.14607686	19.15955214	
-99.14650982	19.15981162	
-99.14680389	19.15994469	
-99.14720817	19.16004151	
-99.14757858	19.16014063	
-99.14820008	19.16023503	
-99.14870415	19.16027303	
-99.14960842	19.16031288	
-99.14972375	19.15984409	
-99.15180577	19.15141075	
-99.15195691	19.15076743	
-99.15249958	19.14211808	
-99.15400428	19.13812157	
-99.15500932	19.13530971	
-99.16329285	19.11749057	
-99.15474754	19.10883655	
-99.14681086	19.10058309	
-99.13648148	19.08937798	
-99.17823068	19.09247426	
-99.22108434	19.09564029	
-99.22677778	19.09606	
-99.25662965	19.11655782	
-99.27869522	19.13170172	
-99.28258883	19.13821283	
-99.28760525	19.14660057	
-99.29311506	19.16529908	
-99.29559685	19.1728828	
-99.30018312	19.18457851	
-99.30133143	19.18841742	
-99.30276265	19.19085509	
-99.30324332	19.1936558	
-99.30391557	19.19717918	
-99.30396509	19.19826355	
-99.30444483	19.20052203	
-99.30468651	19.20264535	
-99.30613063	19.20614374	
-99.30678474	19.21108083	
-99.30713554	19.21372846	
-99.30813314	19.21436891	
-99.30829969	19.2145124	
-99.31230028	19.21803108	
-99.31336574	19.21896737	
-99.31624975	19.22150168	
-99.31612171	19.22258883	
-99.31555554	19.22739535	
-99.31505655	19.22689782	
-99.31466531	19.22670449	
-99.31445229	19.22662092	
-99.31401111	19.22647631	
-99.31355332	19.22620814	
-99.31325092	19.22597689	
-99.31297366	19.22580454	
-99.31265551	19.2259576	
-99.31227605	19.22602011	
-99.31199097	19.22594162	
-99.31171748	19.22587122	
-99.31143954	19.2257368	
-99.31128282	19.22563332	
-99.31116331	19.225519	
-99.31102605	19.22539755	
-99.31083357	19.22516971	
-99.3104966	19.22521335	
-99.30999125	19.22479805	
-99.30962469	19.22474882	
-99.30943017	19.22455365	
-99.30918992	19.22429309	
-99.30894654	19.22392954	
-99.30862545	19.22360965	
-99.30840163	19.22349854	
-99.30805543	19.22343238	
-99.30779072	19.22319528	
-99.30709963	19.22276278	
-99.30649162	19.22240968	
-99.30604791	19.22236412	
-99.30570443	19.22223618	
-99.30543066	19.22201325	
-99.30471169	19.22133298	
-99.30397266	19.220576	
-99.30369466	19.22033318	
-99.30343637	19.22009108	
-99.30323898	19.21982137	
-99.30309337	19.21958843	
-99.30273086	19.21925831	
-99.30245612	19.21896874	
-99.30200109	19.21862743	
-99.30150265	19.21828946	
-99.30142788	19.21822078	
-99.30097455	19.2181986	
-99.30054378	19.21796912	
-99.30026691	19.2177424	
-99.29980857	19.21774123	
-99.29922482	19.21770958	
-99.29861994	19.21792969	
-99.29814437	19.21808142	
-99.29779923	19.21812186	
-99.29735846	19.21791837	
-99.29702305	19.21783234	
-99.29670582	19.21776335	
-99.29642588	19.21752783	
-99.29612843	19.2171106	
-99.29583428	19.21676255	
-99.29548778	19.21629762	
-99.29527094	19.21595755	
-99.29505578	19.21548091	
-99.29494498	19.21533709	
-99.29483638	19.21524572	
-99.29468417	19.21518055	
-99.29443897	19.21512229	
-99.29430812	19.21502557	
-99.29420169	19.21488808	
-99.29412186	19.21478545	
-99.293946	19.21464418	
-99.29382335	19.21456683	
-99.29378448	19.21452035	
-99.29372106	19.21439592	
-99.2936486	19.21432111	
-99.293563	19.21426192	
-99.29340168	19.21414354	
-99.29315135	19.21390666	
-99.29275429	19.21377374	
-99.29239358	19.21382582	
-99.29176789	19.21428294	
-99.29143794	19.21459828	
-99.29106157	19.21445362	
-99.2906272	19.21426072	
-99.29025769	19.21407609	
-99.2898902	19.21391498	
-99.28942954	19.21373095	
-99.28916489	19.21380977	
-99.28905672	19.21381805	
-99.28894062	19.21377631	
-99.28873483	19.21371657	
-99.28857642	19.21360668	
-99.28819615	19.21330691	
-99.28804826	19.21317698	
-99.28782357	19.21312226	
-99.28751358	19.21314958	
-99.28710557	19.21316263	
-99.28681722	19.21320228	
-99.28652383	19.21327851	
-99.28628234	19.21333529	
-99.28602958	19.21331037	
-99.28557255	19.21326505	
-99.28539377	19.21328603	
-99.2852608	19.21331108	
-99.28515189	19.21337958	
-99.28505171	19.2134522	
-99.28496454	19.21348546	
-99.28482605	19.21356257	
-99.2847246	19.21363602	
-99.28463709	19.21368969	
-99.28457694	19.2136808	
-99.28441331	19.2136362	
-99.28410586	19.21365151	
-99.2839392	19.21360448	
-99.28370906	19.21353951	
-99.28353642	19.21342371	
-99.28340095	19.21321045	
-99.28329737	19.21316134	
-99.28310023	19.21305563	
-99.28239358	19.21308146	
-99.28214029	19.21322589	
-99.28188983	19.21339574	
-99.28158557	19.21353235	
-99.28134009	19.21364683	
-99.28114257	19.21369783	
-99.28104609	19.21372469	
-99.28097283	19.21370911	
-99.28089485	19.21368455	
-99.28076012	19.21363094	
-99.28059482	19.21365586	
-99.2803208	19.21364955	
-99.28015558	19.21372382	
-99.279866	19.21383985	
-99.27957609	19.21392092	
-99.27937215	19.21398877	
-99.27881491	19.21407552	
-99.2786036	19.21418648	
-99.27820972	19.21427865	
-99.27805254	19.214423	
-99.27801598	19.21445035	
-99.27798205	19.21447771	
-99.27794025	19.21449266	
-99.27774868	19.21451428	
-99.27766309	19.21455111	
-99.27760169	19.21459028	
-99.27756285	19.21465034	
-99.27753486	19.21467872	
-99.27750666	19.21468443	
-99.27745437	19.21467954	
-99.27734058	19.214716	
-99.2771888	19.2148384	
-99.27677728	19.21530357	
-99.276716	19.21540592	
-99.27666774	19.2154864	
-99.27661545	19.21556689	
-99.27655506	19.21563398	
-99.27647043	19.21566092	
-99.27641203	19.21570695	
-99.27635894	19.21579492	
-99.27633918	19.21600143	
-99.27627891	19.21635462	
-99.27624172	19.21642308	
-99.27603509	19.21648954	
-99.27587766	19.21657963	
-99.27565652	19.21675918	
-99.27530432	19.21705545	
-99.274616	19.21751828	
-99.27445194	19.2178872	
-99.27436474	19.21808552	
-99.27420672	19.2181524	
-99.27415462	19.21830951	
-99.27413697	19.21845795	
-99.27413029	19.21863382	
-99.27405958	19.21885048	
-99.27398349	19.21952789	
-99.27401597	19.21970668	
-99.27403906	19.22010112	
-99.27410291	19.22040065	
-99.27417331	19.22070163	
-99.2741566	19.22103889	
-99.2739516	19.22122951	
-99.27378412	19.2213732	
-99.27355169	19.22157312	
-99.27298928	19.22181172	
-99.27255418	19.22213851	
-99.2722536	19.22266042	
-99.27195878	19.22293734	
-99.2717478	19.22314705	
-99.27147089	19.22336452	
-99.27131385	19.2234334	
-99.27111374	19.22354872	
-99.27092362	19.22370334	
-99.27077174	19.22395652	
-99.27067823	19.22420302	
-99.27053292	19.22429192	
-99.26979523	19.22440212	
-99.26948692	19.22448871	
-99.26914858	19.22471315	
-99.2685928	19.22511018	
-99.26823775	19.22558882	
-99.26770963	19.22594254	
-99.26685929	19.22653003	
-99.26650392	19.22679411	
-99.26623152	19.22691631	
-99.2660158	19.22695232	
-99.26577088	19.22699425	
-99.26556866	19.22709703	
-99.26525837	19.22711669	
-99.26513711	19.22721935	
-99.26508348	19.22743078	
-99.26403346	19.22822545	
-99.26377252	19.22849385	
-99.26333142	19.22863746	
-99.2627218	19.22898112	
-99.26244935	19.22912611	
-99.26202488	19.22918635	
-99.26161789	19.22926915	
-99.26127458	19.22933508	
-99.26093103	19.22941303	
-99.26030228	19.22970775	
-99.25997258	19.2298606	
-99.25889682	19.23051163	
-99.25861957	19.23076715	
-99.25839045	19.23098048	
-99.25809006	19.23128106	
-99.25790686	19.23155232	
-99.25763857	19.23179383	
-99.25745195	19.23205977	
-99.25727103	19.23247063	
-99.25695262	19.23254488	
-99.25635708	19.23253406	
-99.25609705	19.23253994	
-99.25596962	19.23277608	
-99.25564908	19.23322169	
-99.25513649	19.23370531	
-99.25474609	19.23393055	
-99.2543778	19.23406745	
-99.25398437	19.23444206	
-99.25343252	19.23481162	
-99.25312935	19.23510028	
-99.25290911	19.23546743	
-99.25282674	19.23574705	
-99.25267565	19.23609428	
-99.25266194	19.23664558	
-99.25280282	19.23719275	
-99.25286883	19.23759015	
-99.25271218	19.23782225	
-99.25240957	19.23816328	
-99.25218863	19.23839769	
-99.25201828	19.23863203	
-99.25187969	19.23897437	
-99.25178517	19.23949792	
-99.25147235	19.24007214	
-99.2509936	19.24045591	
-99.25104192	19.24091388	
-99.25118274	19.24126734	
-99.25138692	19.24147022	
-99.25159892	19.24167205	
-99.25180128	19.24202508	
-99.25176854	19.24243317	
-99.25145088	19.24292629	
-99.25131122	19.24315286	
-99.25120783	19.24336462	
-99.2510096	19.24377438	
-99.25086029	19.24396825	
-99.25059118	19.24428774	
-99.25035785	19.24452015	
-99.25022877	19.24455903	
-99.25014643	19.24468855	
-99.25013365	19.24479926	
-99.25020163	19.24491358	
-99.25047768	19.24520905	
-99.250446	19.24539852	
-99.25035097	19.24569328	
-99.25016862	19.24572494	
-99.24993954	19.24570165	
-99.24982597	19.24574163	
-99.24964995	19.24594082	
-99.24961777	19.24608489	
-99.24961123	19.24620411	
-99.24959623	19.24633148	
-99.24941738	19.24642997	
-99.24924654	19.24651478	
-99.24911617	19.24658886	
-99.24890071	19.24673908	
-99.24860932	19.24684249	
-99.24829631	19.24681552	
-99.24818294	19.24677775	
-99.24800769	19.24673375	
-99.24792269	19.24686682	
-99.24783963	19.24697226	
-99.24775938	19.24710403	
-99.24765065	19.24733938	
-99.24760766	19.2474676	
-99.24764266	19.24764898	
-99.24765012	19.24785628	
-99.24759018	19.2480814	
-99.24758686	19.24830518	
-99.24751168	19.24852742	
-99.24746492	19.24873311	
-99.24738606	19.24885294	
-99.24700194	19.24906686	
-99.24683238	19.24917426	
-99.24667248	19.24934618	
-99.24656898	19.24943397	
-99.24647517	19.24946509	
-99.24630231	19.24951038	
-99.24614097	19.24956582	
-99.24594011	19.24965874	
-99.24579174	19.24976363	
-99.24534411	19.25018822	
-99.24528589	19.25027238	
-99.24523203	19.25037706	
-99.24519975	19.25046942	
-99.24521292	19.25060682	
-99.24522317	19.2508154	
-99.24525023	19.25103788	
-99.24521697	19.25129608	
-99.24500526	19.25180554	
-99.24476551	19.25232665	
-99.24478603	19.25244655	
-99.24471931	19.2525454	
-99.24461223	19.25263543	
-99.24458508	19.25273263	
-99.24460685	19.25308283	
-99.24461925	19.25321197	
-99.24465489	19.25335408	
-99.24472143	19.25367997	
-99.24476529	19.25403391	
-99.2448022	19.254391	
-99.24486966	19.25456208	
-99.24493669	19.2546748	
-99.24511398	19.25494475	
-99.2451826	19.25503009	
-99.24520485	19.25513229	
-99.24524666	19.25525252	
-99.24521792	19.25541243	
-99.24516389	19.25561009	
-99.24509174	19.25579922	
-99.24505925	19.25587488	
-99.24503403	19.25596083	
-99.24493095	19.25605723	
-99.24486705	19.25620005	
-99.24482126	19.25628491	
-99.24481558	19.25635754	
-99.24497497	19.25653323	
-99.2451382	19.25670025	
-99.24523538	19.25680763	
-99.24529162	19.25690745	
-99.24539255	19.25717475	
-99.24538583	19.25734211	
-99.24528468	19.25751752	
-99.24498222	19.25776246	
-99.24445263	19.25816446	
-99.24437254	19.25827977	
-99.24389486	19.25886217	
-99.24388211	19.25894577	
-99.24387132	19.25905969	
-99.24388825	19.25920068	
-99.24399445	19.25940852	
-99.24405768	19.25946132	
-99.24432845	19.25941628	
-99.24438226	19.25937742	
-99.24460882	19.25919135	
-99.24475977	19.25909274	
-99.24491371	19.25900257	
-99.24509406	19.25894609	
-99.24525725	19.25889808	
-99.24540157	19.25890786	
-99.24558115	19.25891114	
-99.24573632	19.2589414	
-99.24587222	19.25899278	
-99.24597428	19.25903997	
-99.2463482	19.25934678	
-99.24681703	19.25972131	
-99.24719054	19.26020126	
-99.24723654	19.26027732	
-99.24719789	19.26032738	
-99.24684106	19.26053715	
-99.24647818	19.26065466	
-99.24629818	19.26074911	
-99.24622903	19.26088918	
-99.24594006	19.26120014	
-99.24572095	19.26156894	
-99.24565411	19.26171969	
-99.24561715	19.26222486	
-99.24556191	19.26254751	
-99.24552835	19.26293314	
-99.24554268	19.26308872	
-99.24563285	19.26337398	
-99.24590628	19.26360629	
-99.24638302	19.26398389	
-99.24699517	19.26449654	
-99.24709046	19.26474906	
-99.24706197	19.265058	
-99.24702091	19.26552846	
-99.24699686	19.26559548	
-99.24695792	19.2656396	
-99.24666266	19.26572637	
-99.24637614	19.26582454	
-99.24605166	19.26624449	
-99.24600871	19.26631145	
-99.24597452	19.26637332	
-99.24595163	19.26643738	
-99.24593169	19.26650957	
-99.24596829	19.26684029	
-99.24605608	19.26703378	
-99.24607386	19.26717417	
-99.24605125	19.26735332	
-99.24599482	19.2675288	
-99.24589209	19.26766623	
-99.24578215	19.26777477	
-99.24538642	19.26808718	
-99.24532615	19.26813531	
-99.24527131	19.26818583	
-99.24497252	19.26851791	
-99.24487398	19.26865657	
-99.24449122	19.26884294	
-99.24374329	19.26935117	
-99.24359878	19.26950348	
-99.24349137	19.26968706	
-99.24346783	19.26978988	
-99.24349783	19.26997348	
-99.24360228	19.27026775	
-99.24359869	19.27038918	
-99.24364603	19.27069485	
-99.24364166	19.27087531	
-99.24365754	19.27100811	
-99.24367923	19.27118774	
-99.24373006	19.271464	
-99.2437724	19.27163769	
-99.24382654	19.27178868	
-99.24396788	19.27211194	
-99.24408228	19.27233358	
-99.24430403	19.27245518	
-99.24450195	19.27270897	
-99.24453105	19.27285688	
-99.24461322	19.27290232	
-99.24440805	19.27327108	
-99.24428442	19.27365312	
-99.24415025	19.27394891	
-99.24404542	19.27412235	
-99.24392443	19.27425892	
-99.24385928	19.27437589	
-99.24373123	19.27468018	
-99.24362634	19.27491598	
-99.24353268	19.27517135	
-99.24349951	19.27529818	
-99.24347871	19.27537048	
-99.24346606	19.27548043	
-99.24345877	19.2756492	
-99.24382722	19.27594392	
-99.24397802	19.27588171	
-99.24411065	19.27601654	
-99.24420885	19.27609114	
-99.24445638	19.2762142	
-99.24461117	19.27625949	
-99.24476254	19.27632442	
-99.24488742	19.27620942	
-99.24519546	19.27648903	
-99.24528018	19.27661632	
-99.24535785	19.27679171	
-99.24536778	19.27696395	
-99.24535571	19.2770738	
-99.24525903	19.27759049	
-99.24502258	19.27843191	
-99.24486963	19.27887851	
-99.24480975	19.27906742	
-99.2447982	19.27912685	
-99.24479092	19.27921891	
-99.24480477	19.27932571	
-99.24484608	19.27954043	
-99.24491282	19.27988689	
-99.24493469	19.28007063	
-99.24491292	19.28013731	
-99.24459157	19.28020469	
-99.2444368	19.28024689	
-99.24430449	19.28027397	
-99.24417522	19.28033149	
-99.24405998	19.28041151	
-99.24397222	19.28051842	
-99.24387174	19.28061472	
-99.24376869	19.28070852	
-99.24366578	19.28080249	
-99.24356288	19.28089645	
-99.24345938	19.28098983	
-99.24336132	19.28107691	
-99.24331422	19.28122295	
-99.24330788	19.28135837	
-99.24331748	19.28143891	
-99.24341966	19.28160783	
-99.2435022	19.28171845	
-99.24358991	19.2818254	
-99.24364365	19.28195098	
-99.24362772	19.28206514	
-99.24354618	19.28219087	
-99.24344517	19.28225871	
-99.24331768	19.28233632	
-99.24323165	19.28236529	
-99.24310934	19.28240648	
-99.242924	19.28246888	
-99.24278492	19.28251571	
-99.24214883	19.28282314	
-99.2420226	19.28290168	
-99.24195697	19.28300857	
-99.24196488	19.28314794	
-99.24201572	19.28326968	
-99.24210191	19.28331332	
-99.24233357	19.28335008	
-99.24259374	19.28355851	
-99.24285391	19.28376695	
-99.24292005	19.28394274	
-99.24296762	19.28413945	
-99.24292528	19.28420362	
-99.24285157	19.28428462	
-99.24268065	19.28433248	
-99.24265635	19.28433928	
-99.24202922	19.28531811	
-99.24193511	19.28546498	
-99.24191486	19.2855062	
-99.24182729	19.28568448	
-99.24173395	19.28591605	
-99.24169402	19.28607645	
-99.24160451	19.28630565	
-99.24151482	19.28644929	
-99.2412714	19.28665395	
-99.2411844	19.28670792	
-99.24113658	19.28673758	
-99.24099285	19.28679168	
-99.24094275	19.28682114	
-99.24080638	19.28699242	
-99.24080129	19.28716466	
-99.24082775	19.28730935	
-99.24097298	19.28744849	
-99.24102078	19.28755951	
-99.24101412	19.28798966	
-99.24107578	19.28807255	
-99.24131554	19.28830886	
-99.24149557	19.28852266	
-99.24156692	19.28860742	
-99.24179149	19.28881988	
-99.2418984	19.28890078	
-99.24208265	19.28902025	
-99.24226998	19.28917362	
-99.24237409	19.28923451	
-99.24249134	19.28925045	
-99.24271609	19.28927537	
-99.2427616	19.28936006	
-99.24277903	19.28964872	
-99.24282462	19.29017134	
-99.24299671	19.29143732	
-99.24289717	19.29167738	
-99.24283689	19.29187062	
-99.24266465	19.2922728	
-99.24256588	19.29248302	
-99.24231703	19.29285555	
-99.24225215	19.29290422	
-99.24154958	19.29286334	
-99.24192149	19.29314415	
-99.24177911	19.29332325	
-99.24161474	19.29354494	
-99.24154185	19.29366151	
-99.24150612	19.29379274	
-99.24147851	19.29393177	
-99.24138462	19.29401849	
-99.24122682	19.2940416	
-99.24108575	19.29406254	
-99.24094522	19.29408634	
-99.24082743	19.29417085	
-99.24077177	19.29419285	
-99.24068086	19.29420012	
-99.2406362	19.29418106	
-99.24056468	19.29413729	
-99.24047557	19.29409743	
-99.24037377	19.29405055	
-99.24028289	19.29407494	
-99.24016625	19.29412075	
-99.24014963	19.29413015	
-99.23999417	19.29421805	
-99.23978538	19.29431812	
-99.23965232	19.29438092	
-99.23938225	19.29449171	
-99.23869365	19.29469905	
-99.23862955	19.29470312	
-99.23856077	19.29468808	
-99.23802995	19.29448812	
-99.23801072	19.2944774	
-99.23798471	19.29446288	
-99.23796714	19.29445372	
-99.23789978	19.29442886	
-99.23776765	19.29437814	
-99.23763563	19.29433723	
-99.23747826	19.29431725	
-99.23721692	19.29425872	
-99.23707165	19.29426848	
-99.23693866	19.29431709	
-99.23672118	19.29439982	
-99.23652682	19.29436871	
-99.23637966	19.29441765	
-99.23611477	19.29443285	
-99.23596852	19.29445637	
-99.23590065	19.2945064	
-99.23586969	19.29462531	
-99.23591823	19.29472025	
-99.23602068	19.29483017	
-99.23614323	19.29489971	
-99.23615815	19.29499625	
-99.23609708	19.29510811	
-99.23597268	19.295148	
-99.23580426	19.29514308	
-99.23567491	19.29509592	
-99.23557074	19.29499149	
-99.23547386	19.29499577	
-99.23538948	19.2951078	
-99.23526452	19.29517337	
-99.23511985	19.29525522	
-99.23490395	19.29539212	
-99.23476449	19.29559303	
-99.2346918	19.29563415	
-99.23462105	19.29565475	
-99.23453258	19.29566606	
-99.23445003	19.29569042	
-99.2343842	19.2957438	
-99.23418809	19.29596888	
-99.23408946	19.29606689	
-99.23399003	19.29616418	
-99.23383263	19.29625931	
-99.23363565	19.29636105	
-99.2334578	19.29646391	
-99.2333012	19.29659518	
-99.23318663	19.29669918	
-99.23263114	19.29749955	
-99.23249437	19.29773528	
-99.23248291	19.29787654	
-99.23252062	19.29801157	
-99.2325838	19.29813314	
-99.23268997	19.29838482	
-99.23272285	19.2985274	
-99.23272308	19.29868908	
-99.23272312	19.29871891	
-99.2327232	19.29876834	
-99.23272342	19.29892411	
-99.23274075	19.29905468	
-99.23278554	19.29918874	
-99.23281331	19.29932171	
-99.23283163	19.29945615	
-99.23284786	19.29958352	
-99.23279522	19.29971866	
-99.23272603	19.29979946	
-99.23271009	19.29988948	
-99.23280875	19.29997262	
-99.23306498	19.30009808	
-99.23321222	19.30009518	
-99.23337106	19.30007783	
-99.23336212	19.30023174	
-99.23339711	19.30081623	
-99.23326352	19.30078657	
-99.23293802	19.30092317	
-99.23276303	19.30104817	
-99.23239715	19.30132557	
-99.23222882	19.30146851	
-99.23297391	19.30181012	
-99.23264608	19.30248152	
-99.23254748	19.30300045	
-99.23233737	19.30298274	
-99.23224831	19.30378878	
-99.23204222	19.30388103	
-99.23198483	19.30427646	
-99.23193023	19.30479766	
-99.2319046	19.30504232	
-99.23169189	19.30520289	
-99.23119706	19.30544914	
-99.23091374	19.30557297	
-99.23061854	19.30568171	
-99.23040649	19.3057684	
-99.230165	19.30586405	
-99.22992932	19.30601275	
-99.22980571	19.30618655	
-99.22954922	19.30638186	
-99.22936222	19.30647889	
-99.22894948	19.30648383	
-99.22866705	19.30654878	
-99.22789288	19.30685706	
-99.22774703	19.30696322	
-99.22767662	19.30703165	
-99.22766097	19.30706143	
-99.22759222	19.30719229	
-99.22764626	19.30737868	
-99.22771395	19.30760911	
-99.22774658	19.30778308	
-99.22772335	19.30791431	
-99.22761343	19.30806148	
-99.22743585	19.30822597	
-99.22723952	19.30840785	
-99.22691212	19.30864928	
-99.22517074	19.30995725	
-99.22501754	19.31033574	
-99.22493342	19.31059778	
-99.22462557	19.31072866	
-99.22405266	19.31086045	
-99.22392894	19.31089657	
-99.22299869	19.31095083	
-99.22174046	19.31103797	
-99.2213072	19.31106105	
-99.2209714	19.31107862	
-99.22070783	19.31112982	
-99.22066058	19.31114712	
-99.22056226	19.31122957	
-99.2204718	19.31132268	
-99.21992543	19.31226363	
-99.21984897	19.31212377	
-99.21966345	19.31180595	
-99.21942082	19.31144054	
-99.21919277	19.31113942	
-99.21900515	19.31089283	
-99.21887402	19.31073378	
-99.21823175	19.30988772	
-99.21779546	19.30935291	
-99.21719791	19.30877254	
-99.21685715	19.30849665	
-99.2165592	19.30827705	
-99.21641258	19.30817554	
-99.21592285	19.30788115	
-99.21539465	19.30762109	
-99.21485135	19.30740949	
-99.21436674	19.30724937	
-99.21378823	19.30712408	
-99.21330448	19.30701931	
-99.21152711	19.30670968	
-99.21002949	19.30644108	
-99.20931603	19.30631688	
-99.20847746	19.30616245	
-99.20575217	19.30568188	
-99.20567122	19.30566731	
-99.20504734	19.30555508	
-99.20459028	19.30547077	
-99.2043518	19.30542957	
-99.20359071	19.30529183	
-99.20320315	19.30521725	
-99.20272186	19.30509638	
-99.20222935	19.30496069	
-99.20127118	19.30463909	
-99.20018448	19.30417354	
-99.19990855	19.30403142	
-99.1995058	19.30382395	
-99.19908688	19.30359918	
-99.19869605	19.30335469	
-99.19846031	19.30320348	
-99.19810925	19.30299975	
-99.19776151	19.30281486	
-99.19715769	19.30255922	
-99.19671103	19.30240497	
