Milpa Alta	9	472
X	Y	
-98.99717702	19.22747257	
-98.99723374	19.22731069	
-98.99744705	19.22718446	
-98.9974636	19.22648846	
-98.99706317	19.22642352	
-98.99668106	19.22632638	
-98.9964286	19.2261904	
-98.99638269	19.22612889	
-98.99626945	19.22597717	
-98.9961806	19.22588877	
-98.996362	19.22526077	
-98.99637626	19.22521143	
-98.99611646	19.22513469	
-98.99579088	19.22503849	
-98.99544218	19.22624235	
-98.99542282	19.22643462	
-98.99526391	19.22751492	
-98.99439443	19.22744792	
-98.99420422	19.22742603	
-98.99372542	19.22747046	
-98.99366732	19.22727823	
-98.99361066	19.22709077	
-98.99356208	19.22693003	
-98.99354202	19.22679702	
-98.99349723	19.22649994	
-98.99345911	19.22624708	
-98.99339531	19.22582389	
-98.99326278	19.22494485	
-98.99290665	19.22491848	
-98.99255074	19.22489211	
-98.99249386	19.22488788	
-98.991868	19.22484134	
-98.9918252	19.22483784	
-98.99124154	19.22479012	
-98.99123726	19.22478977	
-98.99107358	19.22559468	
-98.99055868	19.22577835	
-98.98823391	19.22370477	
-98.98571903	19.22143466	
-98.98437097	19.22030085	
-98.98431785	19.22025617	
-98.98239262	19.21863714	
-98.97815003	19.21506831	
-98.97789668	19.21508232	
-98.97501031	19.2145912	
-98.97495758	19.21458535	
-98.97450209	19.2144832	
-98.97434954	19.21444314	
-98.9737166	19.2141278	
-98.9736214	19.21408292	
-98.97333226	19.21382249	
-98.97321268	19.21366451	
-98.97317685	19.21361557	
-98.97317682	19.21361551	
-98.97305903	19.21345446	
-98.97282771	19.21317054	
-98.97242857	19.21269542	
-98.97222426	19.21251091	
-98.9719704	19.21232648	
-98.97170614	19.21213023	
-98.97149778	19.21197155	
-98.97129552	19.21186463	
-98.97101602	19.21171608	
-98.96997777	19.21127538	
-98.96993068	19.21125522	
-98.96976106	19.21118257	
-98.96947314	19.21097418	
-98.96924022	19.21085083	
-98.96892606	19.21071245	
-98.96857758	19.21058906	
-98.96852792	19.21057108	
-98.96837655	19.21048885	
-98.96765734	19.20979605	
-98.96683775	19.20900655	
-98.96682651	19.20896134	
-98.96686348	19.20874268	
-98.96700602	19.20789943	
-98.9670518	19.2076286	
-98.96742397	19.2073272	
-98.96718135	19.20704225	
-98.96716851	19.2066176	
-98.96722874	19.20625109	
-98.96740455	19.20617243	
-98.96750942	19.20612549	
-98.96797917	19.20571998	
-98.96857197	19.20520823	
-98.96967857	19.20425291	
-98.96770189	19.20312885	
-98.96768028	19.20302592	
-98.96760966	19.20268974	
-98.96702583	19.19990986	
-98.96697869	19.19792165	
-98.96769389	19.18974308	
-98.96641034	19.18703166	
-98.95984906	19.17916788	
-98.95652174	19.17663522	
-98.95617468	19.17676306	
-98.95491574	19.1740634	
-98.95238565	19.16863762	
-98.96561217	19.16493046	
-98.9673664	19.16443869	
-98.96525026	19.16196169	
-98.96461603	19.16121929	
-98.96373817	19.16019168	
-98.96312269	19.1594712	
-98.96269745	19.1589734	
-98.96201926	19.15817951	
-98.96108435	19.15708506	
-98.96057062	19.15648363	
-98.96001745	19.15583606	
-98.95986052	19.15565234	
-98.95946832	19.1551932	
-98.95848443	19.15404134	
-98.95831854	19.15384712	
-98.95462631	19.14952435	
-98.95948189	19.14729842	
-98.95989551	19.1471088	
-98.9626042	19.14586695	
-98.96303703	19.1456426	
-98.96645594	19.14387051	
-98.96595606	19.14258449	
-98.96566317	19.14183097	
-98.96549366	19.14139491	
-98.96511272	19.14041482	
-98.96508906	19.140386	
-98.96464529	19.13984542	
-98.96460555	19.13979702	
-98.96388872	19.13821748	
-98.96376031	19.13793452	
-98.96348755	19.13748808	
-98.96317542	19.13697714	
-98.96289771	19.13652255	
-98.96262622	19.13607815	
-98.96247711	19.13583408	
-98.96237702	19.13567025	
-98.96227268	19.1354558	
-98.96194548	19.13478335	
-98.96181717	19.13451969	
-98.9617154	19.13431054	
-98.96162555	19.13412589	
-98.9614784	19.13382345	
-98.96109189	19.13302911	
-98.96085397	19.13230523	
-98.96050982	19.13125812	
-98.96043246	19.13102277	
-98.95954222	19.12831411	
-98.95872949	19.12584123	
-98.95852897	19.1252738	
-98.95779738	19.12320358	
-98.95750748	19.12238322	
-98.95765603	19.11963102	
-98.95800285	19.11791535	
-98.95807043	19.11758097	
-98.95850025	19.11489794	
-98.95856271	19.11450805	
-98.958702	19.11363851	
-98.95869202	19.11270525	
-98.95869055	19.11256794	
-98.95840975	19.1113094	
-98.95860638	19.11041388	
-98.95867648	19.11009462	
-98.95895666	19.10904272	
-98.95906351	19.10427795	
-98.96123978	19.09558318	
-98.96326577	19.09206278	
-98.96572148	19.08586117	
-98.96828358	19.08314088	
-98.97137234	19.08121838	
-98.97369662	19.07955317	
-98.9789954	19.07445595	
-98.98236137	19.07760842	
-98.98359449	19.07876325	
-99.02899368	19.0853688	
-99.03019491	19.08455654	
-99.04320886	19.07575546	
-99.04872866	19.06660154	
-99.05665037	19.05346203	
-99.05980023	19.04823666	
-99.06208575	19.04871872	
-99.10445386	19.05764803	
-99.10512857	19.05779012	
-99.12543312	19.06206472	
-99.13521262	19.08884055	
-99.13537902	19.08929608	
-99.13648148	19.08937798	
-99.14681086	19.10058309	
-99.15474754	19.10883655	
-99.16329285	19.11749057	
-99.15500932	19.13530971	
-99.15400428	19.13812157	
-99.15249958	19.14211808	
-99.15195691	19.15076743	
-99.15180577	19.15141075	
-99.14972375	19.15984409	
-99.14960842	19.16031288	
-99.14870415	19.16027303	
-99.14820008	19.16023503	
-99.14757858	19.16014063	
-99.14720817	19.16004151	
-99.14680389	19.15994469	
-99.14650982	19.15981162	
-99.14607686	19.15955214	
-99.14545783	19.15921372	
-99.14492218	19.15892834	
-99.14480455	19.15886403	
-99.14449415	19.15866545	
-99.14423002	19.15839905	
-99.14396082	19.15811685	
-99.14367708	19.15783465	
-99.14344582	19.15753885	
-99.14323825	19.15714329	
-99.1430562	19.15681851	
-99.14293832	19.15651397	
-99.14274955	19.15608035	
-99.14251923	19.1555576	
-99.14228365	19.15513638	
-99.14203408	19.15474332	
-99.14182252	19.15448006	
-99.14152398	19.15405972	
-99.14113295	19.15351455	
-99.14084909	19.1529184	
-99.14069557	19.15249669	
-99.14040432	19.15221326	
-99.1400202	19.15195857	
-99.13977425	19.15180737	
-99.13942615	19.15164722	
-99.13894865	19.15144345	
-99.13853226	19.15133835	
-99.13777332	19.15099562	
-99.13721135	19.15075038	
-99.13240605	19.14861129	
-99.13123154	19.15075038	
-99.13024432	19.15254417	
-99.11913014	19.17287295	
-99.11865414	19.17374266	
-99.11341835	19.18330229	
-99.11266062	19.18469266	
-99.11233063	19.18529548	
-99.11166245	19.18651329	
-99.11148409	19.18683414	
-99.11027634	19.18904449	
-99.1057364	19.19734071	
-99.10527768	19.19805802	
-99.10518183	19.19827308	
-99.10469783	19.19820552	
-99.10465835	19.19827929	
-99.10463723	19.1983368	
-99.10463148	19.19838202	
-99.10460886	19.19842582	
-99.10472546	19.19849335	
-99.10477892	19.19856092	
-99.10482431	19.19865615	
-99.10485097	19.19876629	
-99.10484423	19.19886611	
-99.10479969	19.19896422	
-99.10472558	19.19904637	
-99.10419635	19.19936718	
-99.10412334	19.19941066	
-99.10408062	19.19943638	
-99.10326792	19.1999262	
-99.10311388	19.20001829	
-99.10262925	19.20031112	
-99.10239985	19.20046477	
-99.10227311	19.20062823	
-99.10224694	19.20066197	
-99.10217034	19.20082797	
-99.10211758	19.2010518	
-99.10208645	19.20157232	
-99.10207006	19.2018464	
-99.10202243	19.20228052	
-99.1019636	19.20264609	
-99.10193318	19.20343425	
-99.10189971	19.20382342	
-99.10187085	19.20420085	
-99.10185431	19.20443043	
-99.10181475	19.20462163	
-99.10178043	19.20471918	
-99.10174594	19.20480889	
-99.10169309	19.20489178	
-99.10159002	19.20501486	
-99.10100228	19.2057008	
-99.10098442	19.20572165	
-99.10088612	19.20582465	
-99.100802	19.20589498	
-99.10069888	19.20595529	
-99.10060634	19.20599803	
-99.10037512	19.20607248	
-99.10025612	19.20611523	
-99.10018209	19.20617049	
-99.10012395	19.20624585	
-99.10008431	19.20632118	
-99.10005792	19.20641409	
-99.10004475	19.20651955	
-99.10002611	19.20699335	
-99.10001297	19.207144	
-99.09997602	19.20726705	
-99.09992054	19.20738563	
-99.09983066	19.2074956	
-99.09936914	19.20799085	
-99.09930586	19.20806942	
-99.09926942	19.20810515	
-99.09921251	19.20814728	
-99.09916322	19.20816432	
-99.09910995	19.20818282	
-99.09903737	19.20819657	
-99.09894508	19.2082094	
-99.09889555	19.20821138	
-99.09881946	19.20821502	
-99.09848845	19.2082152	
-99.09841051	19.20822094	
-99.09835062	19.20822666	
-99.09826903	19.2082382	
-99.09813738	19.20827238	
-99.09794431	19.20832997	
-99.09713866	19.20859272	
-99.09699592	19.20863075	
-99.09687311	19.20865386	
-99.09677735	19.20866445	
-99.09667974	19.20866483	
-99.09655074	19.20865208	
-99.09643277	19.20862669	
-99.09627318	19.20859877	
-99.09612294	19.208573	
-99.09597409	19.20855414	
-99.09585612	19.20855592	
-99.09577445	19.20857835	
-99.09568703	19.20862794	
-99.09561152	19.20871789	
-99.09555506	19.20880315	
-99.09525315	19.20925903	
-99.09515958	19.20943865	
-99.09509892	19.20959002	
-99.09507623	19.20974137	
-99.09506454	19.21007898	
-99.094996	19.21107428	
-99.09497578	19.21115117	
-99.09494546	19.21122085	
-99.09489992	19.21128332	
-99.09483415	19.2113608	
-99.09474308	19.21143291	
-99.09465451	19.21149302	
-99.09456088	19.21153871	
-99.09448495	19.21155315	
-99.09439635	19.2115532	
-99.09429508	19.21152443	
-99.09420431	19.21147403	
-99.09400931	19.21130837	
-99.09368525	19.21107892	
-99.09354215	19.21100871	
-99.09338892	19.21096449	
-99.09318092	19.21092994	
-99.09292935	19.21091877	
-99.09239172	19.21089251	
-99.09171705	19.21092009	
-99.09096537	19.21101938	
-99.09087288	19.21104823	
-99.0906948	19.21109565	
-99.08939202	19.21136286	
-99.08903255	19.21143658	
-99.08850426	19.21154495	
-99.08822805	19.2116016	
-99.08631318	19.21199432	
-99.08440965	19.21238471	
-99.08377009	19.21251586	
-99.08305106	19.21266331	
-99.08250903	19.21277698	
-99.08196608	19.21289092	
-99.0813518	19.21301982	
-99.08089569	19.21311552	
-99.08035563	19.21322765	
-99.08005874	19.21328928	
-99.07937192	19.21343186	
-99.07883446	19.21354345	
-99.07870405	19.21357052	
-99.07853377	19.21360588	
-99.07812795	19.21369011	
-99.07781997	19.21375405	
-99.07772103	19.21377458	
-99.07675355	19.21397543	
-99.07579023	19.21417538	
-99.07358663	19.21463278	
-99.07230718	19.21489835	
-99.07106431	19.21515631	
-99.06907149	19.21556989	
-99.0677718	19.2158396	
-99.06732546	19.21593223	
-99.06630868	19.21614323	
-99.06580382	19.21624798	
-99.0643302	19.21655377	
-99.0632078	19.21678665	
-99.0605434	19.21733843	
-99.0601572	19.21741842	
-99.05918938	19.21761883	
-99.05816331	19.21783131	
-99.05671626	19.21813094	
-99.05635318	19.21820612	
-99.05598374	19.21828262	
-99.0538392	19.21872765	
-99.0530976	19.21888154	
-99.05235469	19.21903569	
-99.04914368	19.21970194	
-99.04826554	19.21988412	
-99.0478672	19.21996677	
-99.046644	19.22022054	
-99.04543822	19.22047071	
-99.0430226	19.22097186	
-99.04278535	19.22102108	
-99.04246806	19.22108691	
-99.04216882	19.22114903	
-99.04178646	19.2212284	
-99.04112474	19.22136575	
-99.04010531	19.22157735	
-99.03804014	19.222006	
-99.0375966	19.22209805	
-99.03693966	19.2222344	
-99.03673163	19.22227757	
-99.03641891	19.2223424	
-99.03628365	19.22237043	
-99.0357864	19.22247351	
-99.03520877	19.22259325	
-99.03406105	19.22283115	
-99.03287418	19.22307715	
-99.03019303	19.22363285	
-99.02627389	19.22398077	
-99.02532772	19.22406465	
-99.025018	19.22409211	
-99.02300389	19.22427063	
-99.02271197	19.22429651	
-99.02173832	19.22438285	
-99.02119049	19.22443143	
-99.01998743	19.22453811	
-99.01962418	19.22457032	
-99.01820382	19.22469626	
-99.0177896	19.22473297	
-99.01748332	19.22476025	
-99.01616274	19.22487786	
-99.01588017	19.22490302	
-99.01521134	19.22496257	
-99.01510929	19.22497166	
-99.01315772	19.22514542	
-99.01267354	19.22518852	
-99.01249422	19.22520449	
-99.01206014	19.22524314	
-99.0116044	19.22528371	
-99.01044629	19.22538678	
-99.00889497	19.22552486	
-99.00852975	19.22555809	
-99.00755937	19.22564634	
-99.00715197	19.22568338	
-99.00580006	19.22580632	
-99.00573874	19.22581189	
-99.00489612	19.22588851	
-99.00444208	19.2259298	
-99.00405486	19.225965	
-99.00397049	19.22597268	
-99.00301902	19.22605917	
-99.00214014	19.22613908	
-99.00166197	19.22618254	
-99.00148782	19.22619837	
-99.00010375	19.22631758	
-99.00009612	19.22639283	
-99.003129	19.22706002	
-99.00299065	19.22757392	
-99.00221509	19.22735743	
-99.00076574	19.22699438	
-98.99984691	19.22678392	
-98.99967383	19.22728269	
-98.99957248	19.22755951	
-98.99902229	19.22735705	
-98.99886394	19.22770474	
-98.99814738	19.22753191	
-98.99717702	19.22747257	
