Ciudad de México	9	2212
X	Y	
-99.11124114	19.56149777	
-99.11485295	19.55759555	
-99.11571863	19.55666026	
-99.11568509	19.55575571	
-99.11562146	19.55403962	
-99.11848012	19.55218522	
-99.12037349	19.54992318	
-99.12043632	19.54984812	
-99.12103574	19.54913195	
-99.12121762	19.54869632	
-99.12130972	19.54847568	
-99.12146297	19.54810862	
-99.12163374	19.54769955	
-99.12174688	19.54742855	
-99.12188257	19.54710351	
-99.12197875	19.54687311	
-99.12215349	19.54654197	
-99.12223655	19.54638452	
-99.12256571	19.54576071	
-99.12263745	19.54562475	
-99.12273297	19.54544371	
-99.12322718	19.54497103	
-99.12350723	19.54470318	
-99.12419091	19.54404928	
-99.12421391	19.54402728	
-99.12464285	19.543422	
-99.12469291	19.54335134	
-99.12528815	19.54251137	
-99.12537471	19.54238925	
-99.12565257	19.54204657	
-99.1256926	19.54199718	
-99.1259818	19.54164051	
-99.12627551	19.54133535	
-99.12743457	19.54013111	
-99.12814642	19.53939148	
-99.12991051	19.53699388	
-99.13027731	19.53649535	
-99.1305746	19.53609129	
-99.12736766	19.53508391	
-99.12737791	19.53171066	
-99.128083	19.52660937	
-99.12818363	19.52588129	
-99.12810563	19.52529314	
-99.12800458	19.52453112	
-99.12779642	19.52436309	
-99.12773306	19.52431195	
-99.12749755	19.52417077	
-99.12738435	19.5240676	
-99.1273504	19.5240122	
-99.12729825	19.52391148	
-99.12724394	19.52380657	
-99.12709032	19.52350994	
-99.12706348	19.52345808	
-99.12672752	19.52280926	
-99.1267214	19.52279746	
-99.12644063	19.5222552	
-99.12641472	19.52220518	
-99.12616658	19.52172595	
-99.12616415	19.52172125	
-99.12589849	19.52120818	
-99.12573757	19.52102497	
-99.12527638	19.52049994	
-99.12506282	19.52028905	
-99.12477105	19.52000095	
-99.12436452	19.51959952	
-99.12434185	19.51957714	
-99.12424752	19.519484	
-99.12400608	19.51924558	
-99.12388843	19.5191294	
-99.12101472	19.51629165	
-99.12098183	19.51626734	
-99.12087318	19.51618703	
-99.11688192	19.51323689	
-99.11592877	19.51305177	
-99.11440711	19.51106082	
-99.11058931	19.51117314	
-99.11055982	19.51116228	
-99.11023188	19.51104155	
-99.10998977	19.51061886	
-99.10989789	19.51045845	
-99.10943308	19.51031197	
-99.10922742	19.51058137	
-99.10914475	19.51074245	
-99.10897409	19.51111035	
-99.10886869	19.51093097	
-99.10876328	19.51075155	
-99.10874117	19.51070889	
-99.10866797	19.51056768	
-99.10864563	19.51049128	
-99.10783858	19.51046249	
-99.10769991	19.51085514	
-99.10768074	19.51090618	
-99.10763552	19.51102655	
-99.10751189	19.51068975	
-99.10746311	19.51040662	
-99.10744265	19.5102878	
-99.10738863	19.51002366	
-99.10736642	19.50993445	
-99.10730429	19.509685	
-99.10709389	19.51006391	
-99.10704237	19.5101784	
-99.10693298	19.51027025	
-99.10673952	19.51044505	
-99.10658194	19.51042618	
-99.10642989	19.51032114	
-99.10622425	19.51024311	
-99.10612278	19.51015494	
-99.10602663	19.50999314	
-99.10593158	19.50988637	
-99.10551571	19.51032814	
-99.10480926	19.51065277	
-99.10420292	19.51093138	
-99.10386009	19.51108892	
-99.10343072	19.51128622	
-99.10282831	19.51140526	
-99.10272409	19.51142585	
-99.10241482	19.51148697	
-99.10232469	19.51150477	
-99.10216538	19.51153625	
-99.10139515	19.51168845	
-99.10108385	19.51174995	
-99.10097151	19.51177215	
-99.10058848	19.51184783	
-99.10052054	19.51186452	
-99.09976934	19.51204908	
-99.09949065	19.51211754	
-99.09943263	19.51213178	
-99.09920026	19.51218888	
-99.0988888	19.5122654	
-99.09862246	19.51233082	
-99.09835455	19.51239663	
-99.09827188	19.51241695	
-99.09785695	19.51251888	
-99.09739952	19.51263125	
-99.0971616	19.51252425	
-99.09581068	19.51191666	
-99.09561289	19.51182772	
-99.09502174	19.51156185	
-99.09489557	19.51150509	
-99.09450963	19.51133152	
-99.09317903	19.51073306	
-99.09289731	19.51060635	
-99.09189383	19.51015502	
-99.09088805	19.50970263	
-99.09055795	19.50955415	
-99.09051243	19.50953368	
-99.09038572	19.50947669	
-99.09038551	19.50947658	
-99.09035289	19.50946192	
-99.09025635	19.50941849	
-99.08996074	19.50931646	
-99.08949268	19.50915489	
-99.08934337	19.50910335	
-99.08894342	19.50893825	
-99.08829742	19.50867155	
-99.08782397	19.50847611	
-99.087558	19.50836631	
-99.08737149	19.50828931	
-99.08726966	19.50824726	
-99.08692135	19.50810346	
-99.08648015	19.50792131	
-99.08572214	19.50760837	
-99.08540389	19.50747698	
-99.0850706	19.50733057	
-99.08489951	19.50725542	
-99.08462326	19.50713406	
-99.08414738	19.50692502	
-99.08371508	19.50673511	
-99.08325042	19.50653097	
-99.08279932	19.5063328	
-99.08279543	19.50633111	
-99.08233595	19.50612925	
-99.08188794	19.50593243	
-99.08177375	19.50588228	
-99.08144928	19.50573972	
-99.08100974	19.50554663	
-99.08056472	19.50535112	
-99.08008652	19.50514103	
-99.08004186	19.50512142	
-99.0796298	19.50494038	
-99.07921517	19.50476355	
-99.07885237	19.5046088	
-99.07789862	19.50420203	
-99.07765297	19.50408789	
-99.07747488	19.50400515	
-99.07721537	19.5038846	
-99.07643914	19.50358809	
-99.07604825	19.50343878	
-99.07599763	19.50341931	
-99.07568815	19.50330018	
-99.07522746	19.50312288	
-99.07490197	19.50299758	
-99.07477126	19.50294728	
-99.07427835	19.50275757	
-99.07413858	19.50270377	
-99.07402209	19.50265894	
-99.07350503	19.50245992	
-99.07332915	19.50239222	
-99.07322265	19.50235123	
-99.0729824	19.50225875	
-99.07282283	19.50219734	
-99.07234086	19.50201182	
-99.07143322	19.50166246	
-99.07068303	19.50137369	
-99.07012555	19.50115911	
-99.06919285	19.50080006	
-99.06881251	19.50065585	
-99.068425	19.50050891	
-99.06809195	19.50038262	
-99.06734363	19.50009885	
-99.06694702	19.49994843	
-99.06597888	19.49958129	
-99.06530482	19.49932568	
-99.06521203	19.49929049	
-99.06463	19.49906977	
-99.06386254	19.49877871	
-99.06420528	19.49800368	
-99.06430966	19.49776765	
-99.06432182	19.49774017	
-99.06465332	19.49699052	
-99.06470729	19.49686848	
-99.06484455	19.49655809	
-99.06496125	19.49629423	
-99.06511871	19.49593814	
-99.06522652	19.49569435	
-99.06525277	19.49563498	
-99.06527148	19.49559268	
-99.06544849	19.49519237	
-99.065524	19.49502165	
-99.06593494	19.49409234	
-99.06610522	19.49367758	
-99.06610697	19.49367332	
-99.06610871	19.49366908	
-99.06630102	19.49320065	
-99.0666338	19.49239006	
-99.06666691	19.49230942	
-99.06670203	19.49222386	
-99.06679257	19.49200332	
-99.06694651	19.49162834	
-99.06710515	19.49124191	
-99.06724972	19.49088975	
-99.06744122	19.49042329	
-99.06795258	19.48917763	
-99.06799134	19.48908322	
-99.06792257	19.48901155	
-99.06785068	19.48893668	
-99.06762242	19.48839598	
-99.06758454	19.48830628	
-99.06751334	19.48813765	
-99.06748677	19.48807471	
-99.06731009	19.48765625	
-99.06727808	19.48758042	
-99.06711815	19.48720163	
-99.06703638	19.48700795	
-99.06698809	19.48689357	
-99.0667258	19.48627229	
-99.06671434	19.48624514	
-99.06658374	19.4859358	
-99.06646062	19.48564415	
-99.06631957	19.48531008	
-99.06629288	19.48524685	
-99.06618677	19.48499552	
-99.06607289	19.48472578	
-99.06606142	19.48469858	
-99.06592962	19.48438643	
-99.06578465	19.48404303	
-99.06566282	19.48375445	
-99.06546414	19.48328383	
-99.0654084	19.4831518	
-99.06538554	19.48309765	
-99.06537695	19.48307731	
-99.06515288	19.48254654	
-99.065145	19.48252788	
-99.06485289	19.48183597	
-99.06469974	19.48165638	
-99.06455888	19.48155026	
-99.06450769	19.48153897	
-99.06417652	19.48146591	
-99.06399615	19.48142612	
-99.06374703	19.48137117	
-99.06374526	19.48137077	
-99.06327782	19.48126765	
-99.06361037	19.47996957	
-99.06299705	19.47981932	
-99.06336102	19.47860928	
-99.06299628	19.47778991	
-99.06263169	19.47697085	
-99.06248331	19.47663749	
-99.06247712	19.47662358	
-99.06183091	19.4751718	
-99.06144202	19.47426658	
-99.06141209	19.47419692	
-99.06085929	19.47291009	
-99.06080034	19.47277288	
-99.06039703	19.47183403	
-99.05945445	19.46963985	
-99.05920398	19.4690828	
-99.05911938	19.46889468	
-99.05911832	19.46889232	
-99.05911726	19.46888995	
-99.05791178	19.46620897	
-99.05773611	19.4658364	
-99.05755003	19.46544175	
-99.05718243	19.46466209	
-99.0565452	19.46325558	
-99.05629312	19.46265243	
-99.05606408	19.46210437	
-99.05595314	19.46183895	
-99.05593951	19.46180631	
-99.05528858	19.46024882	
-99.05503657	19.45967368	
-99.05485612	19.45926183	
-99.05478678	19.45910357	
-99.05467526	19.45884906	
-99.05466951	19.45883591	
-99.05448683	19.45841898	
-99.05443909	19.45831003	
-99.05430757	19.45800988	
-99.05429065	19.45797125	
-99.05412808	19.4576002	
-99.05411631	19.45757335	
-99.05394791	19.457189	
-99.05393822	19.45716689	
-99.0537674	19.45677703	
-99.05374871	19.45673435	
-99.05358628	19.45636363	
-99.05357765	19.45634395	
-99.05349817	19.45616254	
-99.05340078	19.45594025	
-99.05338732	19.45590955	
-99.05321603	19.45551857	
-99.05321371	19.45551328	
-99.05321138	19.45550797	
-99.05302869	19.455091	
-99.05302726	19.45508774	
-99.05302583	19.45508446	
-99.05285651	19.454698	
-99.05284262	19.45466631	
-99.05266937	19.45427089	
-99.05266809	19.45426798	
-99.05253595	19.45396637	
-99.05249231	19.45386382	
-99.05249006	19.45385854	
-99.05231651	19.45345083	
-99.05231362	19.45344406	
-99.05215422	19.45306957	
-99.05212017	19.45298962	
-99.0519802	19.45266075	
-99.05196265	19.45261954	
-99.05183849	19.45232788	
-99.05181097	19.4522632	
-99.05173329	19.45208071	
-99.05114709	19.45070357	
-99.05111966	19.45063911	
-99.05090358	19.45024514	
-99.05086875	19.45018163	
-99.05086843	19.45018102	
-99.05083291	19.45011626	
-99.04980628	19.44824426	
-99.04975078	19.44814309	
-99.04889634	19.44658502	
-99.0488158	19.44643815	
-99.04872257	19.44626815	
-99.04792848	19.44482012	
-99.047895	19.44475906	
-99.04749108	19.44402249	
-99.04738597	19.44383082	
-99.04714078	19.44313092	
-99.04645917	19.44236502	
-99.04645882	19.44236463	
-99.04645888	19.44236454	
-99.04645918	19.44236408	
-99.04665206	19.44206349	
-99.0468706	19.44172294	
-99.04777862	19.44030794	
-99.04820908	19.43963711	
-99.04845135	19.43913117	
-99.05056205	19.43472326	
-99.05233217	19.43055866	
-99.05243409	19.43033285	
-99.05260202	19.42996082	
-99.05399814	19.4268282	
-99.05405762	19.4267014	
-99.05439382	19.42598458	
-99.05439954	19.4259724	
-99.05468303	19.42536795	
-99.05473063	19.42526649	
-99.05493438	19.42483206	
-99.05519643	19.42427337	
-99.05529545	19.42391552	
-99.05562189	19.42273591	
-99.05578649	19.42214109	
-99.05583626	19.42196123	
-99.05588835	19.42155049	
-99.05601675	19.42053797	
-99.0560186	19.42052349	
-99.05611552	19.41975926	
-99.05616763	19.41934834	
-99.0561788	19.41926023	
-99.05631146	19.41821414	
-99.05631148	19.41821405	
-99.05631149	19.41821395	
-99.05640109	19.41750743	
-99.05644402	19.41705192	
-99.05647471	19.41672623	
-99.05655237	19.4159022	
-99.05657571	19.41565457	
-99.05663866	19.41498657	
-99.05665629	19.4147996	
-99.0566766	19.41460948	
-99.0567274	19.41413366	
-99.05676488	19.41378282	
-99.05679095	19.41353857	
-99.05682288	19.41323971	
-99.05684657	19.4130178	
-99.05690949	19.41242862	
-99.05692229	19.41230868	
-99.057075	19.41087882	
-99.05709106	19.4107284	
-99.05715617	19.41011871	
-99.05719154	19.40978748	
-99.05720517	19.40965628	
-99.057237	19.40934958	
-99.05731768	19.40857245	
-99.05735615	19.40820188	
-99.05738645	19.40791003	
-99.05747625	19.40704509	
-99.05750895	19.40672997	
-99.05752502	19.40657528	
-99.05755011	19.40633358	
-99.05760485	19.40580622	
-99.05765166	19.40535529	
-99.05770305	19.40486029	
-99.05771612	19.40473435	
-99.05775763	19.40433449	
-99.05780785	19.40385074	
-99.05785818	19.40336585	
-99.05792457	19.40272637	
-99.05810666	19.40097212	
-99.05811934	19.40084998	
-99.05813288	19.40071958	
-99.05813572	19.40069215	
-99.05793235	19.40060871	
-99.05761126	19.40047697	
-99.05630072	19.39993926	
-99.05611308	19.39986228	
-99.05557055	19.39963968	
-99.05496078	19.39938949	
-99.05490922	19.39936595	
-99.05490866	19.39936569	
-99.05392854	19.39891831	
-99.05379197	19.39885563	
-99.05331962	19.39863883	
-99.05290603	19.39844902	
-99.05257143	19.3982974	
-99.05245977	19.39824682	
-99.05186063	19.39797534	
-99.05139854	19.39776595	
-99.05131825	19.39772958	
-99.05087012	19.39752652	
-99.05065875	19.39743075	
-99.05050849	19.39736266	
-99.05011097	19.39718058	
-99.04963938	19.39696458	
-99.04924797	19.39678529	
-99.04915257	19.3967416	
-99.04884795	19.39660206	
-99.04845346	19.39642137	
-99.04815346	19.39628395	
-99.048009	19.39621778	
-99.04778495	19.39611515	
-99.04739738	19.39594049	
-99.04703938	19.39577915	
-99.0468662	19.39570111	
-99.04631435	19.3954524	
-99.04578774	19.39521508	
-99.04567509	19.39516431	
-99.04525034	19.39497288	
-99.04472388	19.39473562	
-99.04459672	19.39467831	
-99.04447355	19.3946228	
-99.04432902	19.39455706	
-99.0439054	19.39436435	
-99.04348342	19.3941724	
-99.04325352	19.39406783	
-99.04306768	19.39398329	
-99.04269868	19.39381545	
-99.04228548	19.39362748	
-99.04228046	19.3936252	
-99.04227546	19.39362292	
-99.04176415	19.39339034	
-99.04160712	19.39331891	
-99.04120398	19.39313337	
-99.04085268	19.39297169	
-99.04082491	19.39295892	
-99.04044628	19.39278466	
-99.04015014	19.39264837	
-99.04002734	19.39259186	
-99.03971818	19.39244957	
-99.03928875	19.39225194	
-99.03888908	19.39206798	
-99.03850548	19.39189145	
-99.03850405	19.39189078	
-99.0385026	19.39189012	
-99.03810465	19.39170697	
-99.03771397	19.39152715	
-99.03731663	19.39134429	
-99.03712966	19.39125823	
-99.03694388	19.39117272	
-99.03650017	19.39096851	
-99.036153	19.39080878	
-99.03574818	19.39062254	
-99.03572369	19.39061128	
-99.03532015	19.39042562	
-99.03491128	19.39023751	
-99.03462702	19.39010672	
-99.03459005	19.39008971	
-99.03385266	19.38975046	
-99.0336314	19.38964866	
-99.03345412	19.38956709	
-99.03306266	19.38938698	
-99.03288398	19.38930478	
-99.03266978	19.38920623	
-99.03227923	19.38902654	
-99.0318928	19.38884874	
-99.03148871	19.38866282	
-99.03141974	19.38863108	
-99.03104074	19.38845671	
-99.03080729	19.38834929	
-99.03066657	19.38828594	
-99.03028402	19.38811371	
-99.02995418	19.3879652	
-99.02986932	19.387927	
-99.02948568	19.38775426	
-99.02907825	19.38757083	
-99.02907371	19.38756878	
-99.02906918	19.38756674	
-99.02869028	19.38739615	
-99.02829654	19.38721888	
-99.02792765	19.38705278	
-99.02766702	19.38693543	
-99.02747951	19.38685102	
-99.02704328	19.3866546	
-99.02666749	19.3864854	
-99.02630335	19.38632145	
-99.02624397	19.38629471	
-99.02588451	19.38613286	
-99.02549786	19.38595877	
-99.02522842	19.38583745	
-99.024959	19.38571614	
-99.02488748	19.38568394	
-99.02480535	19.38564695	
-99.02440712	19.38546765	
-99.02401794	19.3852924	
-99.02363371	19.3851194	
-99.02350178	19.38505998	
-99.02317455	19.38491265	
-99.02276346	19.38472754	
-99.02271442	19.38470545	
-99.02236468	19.38454797	
-99.02235225	19.38454237	
-99.02195765	19.38436469	
-99.02192763	19.38435117	
-99.02155248	19.38418225	
-99.02116694	19.38400863	
-99.02111203	19.38398391	
-99.0207544	19.38382288	
-99.02034845	19.38364008	
-99.02033774	19.38363478	
-99.02006411	19.38349954	
-99.01994948	19.38344289	
-99.01957205	19.38325635	
-99.01955189	19.38324585	
-99.01914631	19.38303465	
-99.01877675	19.38284218	
-99.01871805	19.38281162	
-99.01832866	19.38260883	
-99.01798615	19.38243046	
-99.01794938	19.38241132	
-99.01752908	19.38219243	
-99.01720428	19.38202328	
-99.01716646	19.38200358	
-99.01701542	19.38192451	
-99.01691918	19.38187412	
-99.01652166	19.381666	
-99.01641977	19.38161265	
-99.01603612	19.38141265	
-99.01579185	19.38128529	
-99.01560557	19.38118818	
-99.01513226	19.38094143	
-99.01512222	19.38093614	
-99.01466148	19.38069349	
-99.01462003	19.38067168	
-99.01419063	19.38044552	
-99.01407438	19.38038431	
-99.0137382	19.38020725	
-99.01330977	19.37998162	
-99.01328448	19.37996829	
-99.0128094	19.37971809	
-99.01251774	19.37956448	
-99.01236312	19.37948305	
-99.01189034	19.37923405	
-99.01176689	19.37916903	
-99.01147308	19.37901428	
-99.01098271	19.37875602	
-99.01096909	19.37874885	
-99.0105334	19.37851938	
-99.01016471	19.3783252	
-99.00985334	19.37813905	
-99.00962094	19.37800012	
-99.0095754	19.37797289	
-99.00945468	19.37790072	
-99.00944688	19.37789606	
-99.00932438	19.37782309	
-99.00927509	19.37779374	
-99.00922692	19.37776505	
-99.00922217	19.37776223	
-99.00913266	19.37770891	
-99.00897465	19.3776148	
-99.00877074	19.37749335	
-99.00865829	19.37742637	
-99.00855948	19.37736752	
-99.00844248	19.37729783	
-99.00801709	19.37704448	
-99.00774302	19.37688123	
-99.00768335	19.37684569	
-99.00731065	19.37662371	
-99.00691732	19.37638945	
-99.00651786	19.37615152	
-99.00616017	19.37593846	
-99.00578569	19.37571542	
-99.0056906	19.37565878	
-99.00540872	19.37549089	
-99.00504062	19.37527163	
-99.00479152	19.37512326	
-99.00462328	19.37502305	
-99.00423386	19.37479109	
-99.00422305	19.37478485	
-99.00379055	19.37453523	
-99.00332846	19.37426852	
-99.00294725	19.37404849	
-99.00291462	19.37402966	
-99.00264845	19.37387603	
-99.00223806	19.37363917	
-99.00182806	19.37340254	
-99.00141446	19.3731638	
-99.00101451	19.37293295	
-99.00061423	19.37270191	
-99.00019657	19.37246083	
-99.0001574	19.37243823	
-99.00008071	19.37239397	
-98.9997978	19.37222735	
-98.99945043	19.37202275	
-98.99939648	19.37199098	
-98.99901232	19.37176474	
-98.99862368	19.37153583	
-98.99834614	19.37137238	
-98.99821194	19.37129334	
-98.99805235	19.37119934	
-98.99788378	19.37110006	
-98.99762617	19.37094834	
-98.99749348	19.37087018	
-98.99722822	19.37071395	
-98.99716889	19.37067902	
-98.99680975	19.37046749	
-98.9968066	19.37046563	
-98.99680345	19.37046378	
-98.99647054	19.37026769	
-98.99637738	19.37021283	
-98.99616106	19.37008543	
-98.99604909	19.37001948	
-98.99582492	19.36988745	
-98.99560586	19.36975842	
-98.99560423	19.36975745	
-98.99560258	19.36975648	
-98.99533051	19.36959623	
-98.99513246	19.36947958	
-98.99488285	19.36933257	
-98.99471678	19.36923475	
-98.99459998	19.36916595	
-98.99428352	19.36897957	
-98.99428014	19.36897757	
-98.99427674	19.36897557	
-98.99395357	19.36878522	
-98.99387251	19.36873748	
-98.99361178	19.36858391	
-98.99344069	19.36848312	
-98.99324674	19.36836889	
-98.99304865	19.3682522	
-98.99294542	19.3681914	
-98.99261754	19.36799828	
-98.99261254	19.36799532	
-98.99260752	19.36799238	
-98.99227348	19.36779562	
-98.99219403	19.36774882	
-98.99193918	19.36759871	
-98.99189394	19.36755398	
-98.99179998	19.36746108	
-98.99175538	19.36700377	
-98.99180697	19.36686498	
-98.99187014	19.366695	
-98.99188365	19.36663983	
-98.99191782	19.36650015	
-98.99194772	19.36637785	
-98.99195798	19.36633591	
-98.99198652	19.36621928	
-98.99203703	19.36601278	
-98.99205474	19.36594042	
-98.99218458	19.36540962	
-98.9922514	19.36513651	
-98.99228669	19.36499223	
-98.99233914	19.36477782	
-98.99241835	19.36445395	
-98.99246668	19.36425643	
-98.99249734	19.36413112	
-98.99257631	19.36380828	
-98.99259575	19.36372875	
-98.99262545	19.36360742	
-98.99267748	19.36339468	
-98.99273917	19.36314251	
-98.99277322	19.36300332	
-98.9927768	19.36298869	
-98.99285865	19.36265408	
-98.99286777	19.36262005	
-98.99290822	19.36246923	
-98.99292726	19.36239826	
-98.99297355	19.36222568	
-98.99302005	19.36205232	
-98.99311008	19.36171665	
-98.99314532	19.36158528	
-98.99338522	19.36069088	
-98.9934676	19.36038372	
-98.99351557	19.36029318	
-98.99359366	19.3601458	
-98.99406228	19.35926142	
-98.99417526	19.35904815	
-98.99444778	19.35884611	
-98.99454728	19.35856645	
-98.99455666	19.35814132	
-98.99427205	19.35785185	
-98.99375185	19.35737989	
-98.99250323	19.35633282	
-98.99247243	19.356307	
-98.99160622	19.35558058	
-98.99146742	19.3554642	
-98.99136194	19.35536357	
-98.99099235	19.35501103	
-98.99088609	19.35490966	
-98.99073086	19.35476158	
-98.9905936	19.35463065	
-98.99010645	19.35416594	
-98.98962505	19.35370672	
-98.98917575	19.35327814	
-98.988777	19.35289774	
-98.98809331	19.35224554	
-98.98761354	19.35178177	
-98.98758363	19.35175286	
-98.98717472	19.3513576	
-98.98603868	19.35025946	
-98.98586835	19.3500948	
-98.98545729	19.34969746	
-98.98521018	19.34945858	
-98.98481735	19.34907885	
-98.98470438	19.34896965	
-98.98448503	19.3487576	
-98.98386162	19.34816392	
-98.98256035	19.34692474	
-98.98238794	19.34676054	
-98.98222997	19.34661011	
-98.98149922	19.3459142	
-98.98127318	19.34569494	
-98.98066022	19.34510032	
-98.97986988	19.34433363	
-98.97963098	19.34410189	
-98.97950095	19.34397575	
-98.97919409	19.34367806	
-98.97902225	19.34351135	
-98.97899575	19.34348566	
-98.97879332	19.34328928	
-98.97854251	19.34299254	
-98.97807752	19.34244242	
-98.97806338	19.34242568	
-98.97780843	19.34212403	
-98.97752732	19.34164971	
-98.97727752	19.34122818	
-98.97716208	19.3410334	
-98.97645635	19.33984305	
-98.97611251	19.33931029	
-98.97582463	19.33886425	
-98.97547968	19.33832977	
-98.97521552	19.3380316	
-98.97495972	19.33774286	
-98.974637	19.33737857	
-98.97432515	19.33702657	
-98.97286895	19.33579937	
-98.97278818	19.33573131	
-98.97255754	19.33554708	
-98.97163348	19.33480905	
-98.97055562	19.33388571	
-98.9683786	19.33203131	
-98.96810854	19.33180126	
-98.9680292	19.33173368	
-98.96767388	19.331431	
-98.96727538	19.33109155	
-98.96720277	19.33102971	
-98.96691688	19.33078615	
-98.9667784	19.33067118	
-98.96651934	19.33045606	
-98.96606332	19.33007742	
-98.96544812	19.32956657	
-98.96537317	19.32950434	
-98.96528686	19.32943266	
-98.96399668	19.32836132	
-98.96299463	19.32751722	
-98.96088077	19.32573652	
-98.96045088	19.32537437	
-98.96044825	19.32537215	
-98.95835868	19.32361182	
-98.95790263	19.32322762	
-98.95900146	19.32185908	
-98.95915552	19.32165966	
-98.96086043	19.31945277	
-98.96113108	19.31910245	
-98.96139914	19.31875545	
-98.96187614	19.31813798	
-98.96256208	19.31725003	
-98.96296583	19.31672738	
-98.96299058	19.31661557	
-98.96334129	19.31503223	
-98.96341546	19.31450568	
-98.96344285	19.31431126	
-98.96344846	19.3142714	
-98.96355645	19.31350477	
-98.9637472	19.31215069	
-98.96374783	19.31214623	
-98.96389544	19.31109829	
-98.96389563	19.31109692	
-98.9639728	19.31054917	
-98.96405345	19.31004772	
-98.96405488	19.31003883	
-98.96422985	19.308951	
-98.96423011	19.30894938	
-98.96439331	19.30793469	
-98.96441065	19.30788692	
-98.96477606	19.30688077	
-98.96538677	19.30633592	
-98.96627643	19.30596249	
-98.96722385	19.30596985	
-98.96722406	19.30596838	
-98.96755645	19.30374502	
-98.96824218	19.29915782	
-98.96824245	19.29915612	
-98.96832843	19.29859188	
-98.96840929	19.29806128	
-98.9684957	19.2974942	
-98.96858378	19.29691618	
-98.96866509	19.29638262	
-98.96875178	19.29581372	
-98.96883596	19.29526125	
-98.96891101	19.29476874	
-98.96891555	19.29473894	
-98.96891632	19.29473389	
-98.96899247	19.29423412	
-98.96907034	19.29372314	
-98.96915878	19.29314274	
-98.96924527	19.29257508	
-98.96928075	19.29234228	
-98.96932944	19.29202272	
-98.9694131	19.29147363	
-98.96949573	19.29093137	
-98.96959623	19.29027177	
-98.96960712	19.29020031	
-98.97027788	19.28579814	
-98.97143088	19.27836669	
-98.97174554	19.27662945	
-98.97336294	19.26769915	
-98.97491757	19.25949052	
-98.97541315	19.257535	
-98.97653063	19.25312538	
-98.96598688	19.249941	
-98.9679678	19.23643632	
-98.96858651	19.23221795	
-98.96836668	19.23214762	
-98.96792031	19.23200482	
-98.96787555	19.23199049	
-98.96613409	19.23143332	
-98.9640442	19.23076465	
-98.96248285	19.23026508	
-98.96213505	19.23015378	
-98.96041677	19.22960397	
-98.95864749	19.22903782	
-98.95611315	19.2282268	
-98.95587402	19.22815028	
-98.9554092	19.22800153	
-98.95226017	19.22699374	
-98.94764475	19.22551655	
-98.94762197	19.22550926	
-98.94664368	19.22519612	
-98.94592731	19.22496682	
-98.94577037	19.22495431	
-98.94524338	19.22491228	
-98.94476002	19.22462028	
-98.94415934	19.22442922	
-98.94294951	19.22407669	
-98.94030282	19.22323965	
-98.94185885	19.2179676	
-98.94255322	19.21561486	
-98.95090937	19.21813066	
-98.95108554	19.21818371	
-98.95215458	19.21659902	
-98.95239245	19.21624642	
-98.95327515	19.21549597	
-98.95289468	19.21526994	
-98.95328311	19.21535575	
-98.95367175	19.21544162	
-98.95383652	19.21496755	
-98.95394834	19.21464585	
-98.95530772	19.21483535	
-98.95690885	19.21505854	
-98.95746128	19.21513554	
-98.95844948	19.21485766	
-98.95913263	19.21466555	
-98.95922675	19.21463909	
-98.96003017	19.21441317	
-98.95974489	19.21387086	
-98.96112942	19.21399845	
-98.96254208	19.21412863	
-98.96258297	19.2141324	
-98.96269405	19.21414263	
-98.96353535	19.21304426	
-98.96431157	19.21323925	
-98.96465395	19.21304745	
-98.96715678	19.21164542	
-98.96725872	19.21150298	
-98.96727812	19.21147588	
-98.96755369	19.21109086	
-98.96782928	19.21070583	
-98.9680668	19.21059902	
-98.96844037	19.21057638	
-98.96852792	19.21057108	
-98.96837655	19.21048885	
-98.96765734	19.20979605	
-98.96683775	19.20900655	
-98.96682651	19.20896134	
-98.96686348	19.20874268	
-98.96700602	19.20789943	
-98.9670518	19.2076286	
-98.96742397	19.2073272	
-98.96718135	19.20704225	
-98.96716851	19.2066176	
-98.96722874	19.20625109	
-98.96740455	19.20617243	
-98.96750942	19.20612549	
-98.96797917	19.20571998	
-98.96857197	19.20520823	
-98.96967857	19.20425291	
-98.96770189	19.20312885	
-98.96768028	19.20302592	
-98.96760966	19.20268974	
-98.96702583	19.19990986	
-98.96697869	19.19792165	
-98.96769389	19.18974308	
-98.96641034	19.18703166	
-98.95984906	19.17916788	
-98.95652174	19.17663522	
-98.95617468	19.17676306	
-98.95491574	19.1740634	
-98.95238565	19.16863762	
-98.96561217	19.16493046	
-98.9673664	19.16443869	
-98.96525026	19.16196169	
-98.96461603	19.16121929	
-98.96373817	19.16019168	
-98.96312269	19.1594712	
-98.96269745	19.1589734	
-98.96201926	19.15817951	
-98.96108435	19.15708506	
-98.96057062	19.15648363	
-98.96001745	19.15583606	
-98.95986052	19.15565234	
-98.95946832	19.1551932	
-98.95848443	19.15404134	
-98.95831854	19.15384712	
-98.95462631	19.14952435	
-98.95948189	19.14729842	
-98.95989551	19.1471088	
-98.9626042	19.14586695	
-98.96303703	19.1456426	
-98.96645594	19.14387051	
-98.96595606	19.14258449	
-98.96566317	19.14183097	
-98.96549366	19.14139491	
-98.96511272	19.14041482	
-98.96508906	19.140386	
-98.96464529	19.13984542	
-98.96460555	19.13979702	
-98.96388872	19.13821748	
-98.96376031	19.13793452	
-98.96348755	19.13748808	
-98.96317542	19.13697714	
-98.96289771	19.13652255	
-98.96262622	19.13607815	
-98.96247711	19.13583408	
-98.96237702	19.13567025	
-98.96227268	19.1354558	
-98.96194548	19.13478335	
-98.96181717	19.13451969	
-98.9617154	19.13431054	
-98.96162555	19.13412589	
-98.9614784	19.13382345	
-98.96109189	19.13302911	
-98.96085397	19.13230523	
-98.96050982	19.13125812	
-98.96043246	19.13102277	
-98.95954222	19.12831411	
-98.95872949	19.12584123	
-98.95852897	19.1252738	
-98.95779738	19.12320358	
-98.95750748	19.12238322	
-98.95765603	19.11963102	
-98.95800285	19.11791535	
-98.95807043	19.11758097	
-98.95850025	19.11489794	
-98.95856271	19.11450805	
-98.958702	19.11363851	
-98.95869202	19.11270525	
-98.95869055	19.11256794	
-98.95840975	19.1113094	
-98.95860638	19.11041388	
-98.95867648	19.11009462	
-98.95895666	19.10904272	
-98.95906351	19.10427795	
-98.96123978	19.09558318	
-98.96326577	19.09206278	
-98.96572148	19.08586117	
-98.96828358	19.08314088	
-98.97137234	19.08121838	
-98.97369662	19.07955317	
-98.9789954	19.07445595	
-98.98236137	19.07760842	
-98.98359449	19.07876325	
-99.02899368	19.0853688	
-99.03019491	19.08455654	
-99.04320886	19.07575546	
-99.04872866	19.06660154	
-99.05665037	19.05346203	
-99.05980023	19.04823666	
-99.06208575	19.04871872	
-99.10445386	19.05764803	
-99.10512857	19.05779012	
-99.12543312	19.06206472	
-99.13521262	19.08884055	
-99.13537902	19.08929608	
-99.13648148	19.08937798	
-99.17823068	19.09247426	
-99.22108434	19.09564029	
-99.22677778	19.09606	
-99.25662965	19.11655782	
-99.27869522	19.13170172	
-99.28258883	19.13821283	
-99.28760525	19.14660057	
-99.29311506	19.16529908	
-99.29559685	19.1728828	
-99.30018312	19.18457851	
-99.30133143	19.18841742	
-99.30276265	19.19085509	
-99.30324332	19.1936558	
-99.30391557	19.19717918	
-99.30396509	19.19826355	
-99.30444483	19.20052203	
-99.30468651	19.20264535	
-99.30613063	19.20614374	
-99.30678474	19.21108083	
-99.30713554	19.21372846	
-99.30813314	19.21436891	
-99.30829969	19.2145124	
-99.31230028	19.21803108	
-99.31336574	19.21896737	
-99.31624975	19.22150168	
-99.31612171	19.22258883	
-99.31555554	19.22739535	
-99.31534335	19.22919649	
-99.32129651	19.23266548	
-99.32225485	19.23264783	
-99.32432029	19.2326098	
-99.3267196	19.23256557	
-99.33047403	19.23748048	
-99.33082148	19.23793529	
-99.335772	19.23932708	
-99.34234097	19.2411224	
-99.34206868	19.2475392	
-99.34131688	19.25214948	
-99.33985723	19.25965291	
-99.33762985	19.26403997	
-99.33915989	19.26769715	
-99.34093898	19.2677978	
-99.341552	19.26809432	
-99.34191065	19.26817869	
-99.34225443	19.26829143	
-99.34277758	19.26847471	
-99.34305966	19.26854766	
-99.3434912	19.26887226	
-99.34370852	19.268962	
-99.3440752	19.26911582	
-99.3446866	19.26947523	
-99.34512838	19.2699922	
-99.34552451	19.27043742	
-99.34584571	19.27080675	
-99.34615114	19.27130786	
-99.34629682	19.27202212	
-99.34647898	19.2722294	
-99.34751251	19.27302672	
-99.34821371	19.27396095	
-99.3561284	19.27498935	
-99.36192191	19.27574186	
-99.3649242	19.27776925	
-99.35358135	19.29193431	
-99.35453603	19.29328802	
-99.35371583	19.29336192	
-99.3534716	19.29338392	
-99.35327671	19.29347685	
-99.35299837	19.29364926	
-99.35241382	19.29399414	
-99.35195428	19.29414045	
-99.35149209	19.29415238	
-99.35125586	19.29496615	
-99.35292382	19.2960474	
-99.35349778	19.29740185	
-99.34998526	19.29683718	
-99.35627425	19.30201452	
-99.35636863	19.30333342	
-99.35660785	19.3066758	
-99.33384208	19.3305904	
-99.33342786	19.33137111	
-99.33279483	19.33241566	
-99.33230695	19.33351811	
-99.33191495	19.33495425	
-99.33182058	19.33553722	
-99.33164334	19.33663215	
-99.33168823	19.33779354	
-99.33159183	19.33810909	
-99.3314648	19.33842658	
-99.33119037	19.33879222	
-99.33119165	19.33942791	
-99.33115195	19.33977563	
-99.33066637	19.34006322	
-99.33033049	19.34098723	
-99.33020058	19.34112408	
-99.32972743	19.34162246	
-99.32948778	19.34226971	
-99.32916135	19.34291731	
-99.32902795	19.34337925	
-99.32893723	19.34361562	
-99.32875428	19.34385688	
-99.32870689	19.34425095	
-99.32847988	19.34471712	
-99.32827226	19.34520243	
-99.32888132	19.34562435	
-99.32879825	19.34603845	
-99.32844729	19.34681923	
-99.32853105	19.34760883	
-99.32869654	19.34789663	
-99.32862065	19.34830748	
-99.32858517	19.34849955	
-99.32845778	19.34890369	
-99.32839342	19.34913882	
-99.32832688	19.34948734	
-99.32842211	19.34970642	
-99.32863602	19.34996535	
-99.32885155	19.35035622	
-99.32875675	19.35064323	
-99.32871757	19.3510076	
-99.32864611	19.35138154	
-99.32882423	19.35210465	
-99.32867408	19.35268	
-99.32848442	19.35309238	
-99.3280412	19.35335835	
-99.32770465	19.35363634	
-99.32766805	19.35404338	
-99.32743134	19.35413368	
-99.32673094	19.35382231	
-99.326392	19.35367163	
-99.32584665	19.35459305	
-99.32571208	19.35500117	
-99.32552774	19.35525817	
-99.32530083	19.35553446	
-99.32505468	19.35572035	
-99.32503858	19.35602512	
-99.32467634	19.35641597	
-99.32414569	19.35733503	
-99.32376351	19.35795258	
-99.32328582	19.35833766	
-99.32282866	19.35849915	
-99.32221909	19.35866091	
-99.32204208	19.35862029	
-99.32155503	19.35850852	
-99.32075228	19.35819871	
-99.32043778	19.35796251	
-99.32014365	19.3577416	
-99.32010828	19.35771505	
-99.31915222	19.35762815	
-99.31876488	19.35784509	
-99.31854488	19.35799485	
-99.31813402	19.35815642	
-99.31849158	19.35847529	
-99.32069895	19.3604438	
-99.31954278	19.36361805	
-99.31934965	19.36369105	
-99.31811825	19.36415646	
-99.31810407	19.36429351	
-99.31804949	19.36482089	
-99.31760763	19.36572952	
-99.31686155	19.36630652	
-99.31538975	19.36588835	
-99.31452838	19.36724057	
-99.3140636	19.3683928	
-99.31380845	19.36930111	
-99.31308765	19.37044874	
-99.31070689	19.37040766	
-99.30977749	19.37117482	
-99.30928075	19.37158483	
-99.30776486	19.37156117	
-99.30612692	19.37359994	
-99.30500526	19.37683343	
-99.30427662	19.3773106	
-99.30348343	19.37783003	
-99.30213785	19.37736826	
-99.30191475	19.37729169	
-99.30173675	19.37723061	
-99.30155671	19.37716882	
-99.30150262	19.37715026	
-99.30147538	19.37714091	
-99.30144695	19.37713115	
-99.30130905	19.37708383	
-99.30154929	19.37657735	
-99.30156724	19.37653951	
-99.3015907	19.37649005	
-99.30185005	19.37594328	
-99.30193845	19.37575692	
-99.30155717	19.37492434	
-99.3013574	19.37383526	
-99.30125889	19.37302025	
-99.3011504	19.37223309	
-99.30099658	19.37194309	
-99.30096314	19.37176925	
-99.3009442	19.37122228	
-99.30088666	19.37061808	
-99.30099622	19.37010168	
-99.30123157	19.36970045	
-99.30058228	19.36905897	
-99.30041745	19.36889612	
-99.30041629	19.36889498	
-99.30041515	19.36889385	
-99.29968297	19.36817048	
-99.29901978	19.36751526	
-99.29871678	19.36830174	
-99.2986242	19.368494	
-99.29843845	19.36887977	
-99.29826843	19.36907163	
-99.29816651	19.36918665	
-99.29791714	19.36932495	
-99.29747257	19.369414	
-99.29694734	19.36931037	
-99.29655717	19.36923338	
-99.2962384	19.36918208	
-99.29576192	19.3691054	
-99.29558729	19.36907729	
-99.29531295	19.36937758	
-99.29507717	19.36958512	
-99.29494591	19.36971309	
-99.29477134	19.36986468	
-99.2944478	19.36992437	
-99.29414052	19.37004702	
-99.29407963	19.37007131	
-99.29388937	19.37014725	
-99.29375795	19.3704412	
-99.29364752	19.37068823	
-99.29341571	19.37120678	
-99.29323322	19.37191737	
-99.29315543	19.37202206	
-99.29292166	19.37233669	
-99.29261202	19.37266012	
-99.29229928	19.37301032	
-99.29223777	19.37307918	
-99.2920552	19.3732836	
-99.29183085	19.37339677	
-99.29164325	19.37349138	
-99.29117572	19.3734872	
-99.29113685	19.37384108	
-99.29106963	19.37402092	
-99.29076928	19.37431729	
-99.29061394	19.37502254	
-99.2901258	19.37500846	
-99.29002625	19.3750056	
-99.28979757	19.374999	
-99.28971537	19.37499663	
-99.2895722	19.37518985	
-99.28927069	19.37516538	
-99.28894668	19.37513911	
-99.28876897	19.37512471	
-99.28864451	19.37511462	
-99.28828266	19.37552714	
-99.28810735	19.375727	
-99.28805248	19.37578957	
-99.28784626	19.37626825	
-99.28780826	19.37635643	
-99.28766792	19.37668217	
-99.28690932	19.37650212	
-99.28639617	19.37643355	
-99.28622311	19.37643045	
-99.28613483	19.37643189	
-99.28569703	19.37643911	
-99.28570788	19.37724652	
-99.28566863	19.37763111	
-99.28507189	19.37799918	
-99.28511086	19.37886905	
-99.28504402	19.37905086	
-99.28484571	19.37911138	
-99.28467642	19.37934982	
-99.28456871	19.37968828	
-99.28446052	19.37976094	
-99.2842312	19.37979151	
-99.28381129	19.37966797	
-99.28377111	19.37997795	
-99.28329783	19.38044028	
-99.28283048	19.381404	
-99.28266488	19.38141531	
-99.28184717	19.38147108	
-99.28177288	19.38147614	
-99.28052874	19.38204322	
-99.28018743	19.38219878	
-99.28003512	19.3822682	
-99.28003508	19.38226824	
-99.27952209	19.38280736	
-99.27912109	19.38322879	
-99.2787152	19.38353912	
-99.27847372	19.38372377	
-99.27604302	19.38558222	
-99.27606937	19.38519212	
-99.27567142	19.3855	
-99.27368511	19.38703672	
-99.27360282	19.38723994	
-99.27321497	19.38758686	
-99.27300246	19.38835205	
-99.27297468	19.38854974	
-99.27290612	19.38902171	
-99.27277575	19.38937994	
-99.27243249	19.38967842	
-99.27183709	19.38973622	
-99.27104049	19.38993095	
-99.27029318	19.39009618	
-99.27022368	19.39011155	
-99.26977142	19.3902666	
-99.26956952	19.39038382	
-99.26953809	19.39063178	
-99.26959068	19.39078746	
-99.26961871	19.39100665	
-99.26947745	19.39136231	
-99.26925268	19.39156274	
-99.26899366	19.39167978	
-99.26856246	19.39193491	
-99.26831205	19.39213486	
-99.26810565	19.39265149	
-99.26809849	19.39297022	
-99.26807231	19.39331574	
-99.26806672	19.39339349	
-99.26805115	19.39361045	
-99.26797375	19.39409097	
-99.26738554	19.39474698	
-99.26723714	19.39491249	
-99.26674842	19.39554923	
-99.26643852	19.3960804	
-99.2662836	19.39662358	
-99.26611531	19.39734478	
-99.26576075	19.39819031	
-99.26538118	19.39868403	
-99.26507665	19.39895095	
-99.26495626	19.39895869	
-99.26485978	19.39885228	
-99.26472222	19.39875857	
-99.26458926	19.39871385	
-99.26440435	19.39868892	
-99.26425185	19.39869463	
-99.26409585	19.39869266	
-99.26400892	19.39876214	
-99.26399314	19.39889918	
-99.26399332	19.39901343	
-99.26407215	19.39923135	
-99.26391575	19.39942694	
-99.26356025	19.39950311	
-99.26318752	19.39953529	
-99.26275583	19.39966478	
-99.26241075	19.39970851	
-99.26215594	19.39966634	
-99.2620654	19.39959397	
-99.26188328	19.39934831	
-99.26182523	19.39930009	
-99.26174086	19.39927023	
-99.2616214	19.39926874	
-99.26130352	19.39932915	
-99.26114022	19.39964729	
-99.26090928	19.39995823	
-99.26045323	19.40025105	
-99.25987051	19.40054006	
-99.25948162	19.40093195	
-99.25926712	19.4011852	
-99.25907417	19.40146278	
-99.25922578	19.40176503	
-99.25904217	19.40248434	
-99.25894088	19.40327668	
-99.2588254	19.40374891	
-99.25867905	19.40406045	
-99.25813005	19.40476348	
-99.25788425	19.4048432	
-99.25769774	19.40484803	
-99.25772289	19.40467934	
-99.25772397	19.4045086	
-99.25777871	19.40428475	
-99.25800537	19.4039644	
-99.25824252	19.40308977	
-99.25826854	19.40268422	
-99.25823374	19.40252638	
-99.25815446	19.4024278	
-99.25777971	19.40179052	
-99.2576634	19.40159274	
-99.25762226	19.40152518	
-99.25737566	19.40112023	
-99.25697935	19.40043169	
-99.25693563	19.4004566	
-99.25689191	19.40048152	
-99.2568058	19.40057523	
-99.25667285	19.40071994	
-99.2565286	19.40113923	
-99.25638289	19.40152208	
-99.25618666	19.40203771	
-99.2561376	19.40217877	
-99.25612249	19.40222226	
-99.25601348	19.40253575	
-99.25602762	19.40312451	
-99.25603405	19.4033926	
-99.25603811	19.40356149	
-99.25580791	19.40357242	
-99.25530962	19.40412794	
-99.25485742	19.40455428	
-99.25434675	19.40486311	
-99.25371652	19.40501148	
-99.2533366	19.40509452	
-99.25283891	19.40573912	
-99.25221712	19.40604312	
-99.25166858	19.40623269	
-99.25094168	19.40641643	
-99.25057063	19.40669857	
-99.25034337	19.40699108	
-99.2500714	19.40723255	
-99.24974266	19.40737006	
-99.24941362	19.40751975	
-99.24918185	19.40772945	
-99.24895483	19.40802043	
-99.24867946	19.40826683	
-99.24851626	19.4084732	
-99.24831197	19.40864858	
-99.24797078	19.40878043	
-99.24753163	19.40881372	
-99.2466188	19.40907814	
-99.24606202	19.40928418	
-99.24502425	19.40966954	
-99.24422597	19.40994158	
-99.24399138	19.41020491	
-99.2437002	19.41052668	
-99.24336202	19.41071969	
-99.24301478	19.41080375	
-99.24268149	19.41105692	
-99.24233129	19.41130151	
-99.24188075	19.41148058	
-99.24083026	19.41191832	
-99.24016511	19.41213855	
-99.23991185	19.41219368	
-99.23962257	19.41220385	
-99.23891817	19.41204182	
-99.23863805	19.41201165	
-99.23840035	19.41200729	
-99.23810508	19.41208046	
-99.23761382	19.41220218	
-99.23730471	19.41235962	
-99.23704708	19.41255482	
-99.23691489	19.4127066	
-99.23674754	19.41307869	
-99.23649737	19.41359577	
-99.23620295	19.41408511	
-99.23593395	19.41449691	
-99.23567011	19.41501338	
-99.23557409	19.41524171	
-99.2354472	19.4154358	
-99.23494951	19.41574882	
-99.23462717	19.41597092	
-99.23450483	19.41639672	
-99.23438414	19.41658609	
-99.23425258	19.41668845	
-99.23406063	19.41676389	
-99.23389269	19.41676785	
-99.23376277	19.41672334	
-99.23361252	19.41658488	
-99.23344195	19.41722171	
-99.23338445	19.41748262	
-99.23337928	19.41756022	
-99.23336346	19.4177976	
-99.23323465	19.41783891	
-99.23319118	19.41804675	
-99.23315991	19.41815778	
-99.23312177	19.41827192	
-99.23306017	19.41838766	
-99.233069	19.41848272	
-99.23309095	19.41858598	
-99.23305622	19.41866042	
-99.23299098	19.41889403	
-99.23297075	19.41902297	
-99.23298717	19.41926311	
-99.23297405	19.41939503	
-99.2329106	19.41942991	
-99.23263523	19.41937994	
-99.23254558	19.41939114	
-99.23246642	19.41942052	
-99.23241655	19.41947354	
-99.23237629	19.41956735	
-99.23235666	19.4196848	
-99.23235682	19.41979275	
-99.23210462	19.41987311	
-99.23181712	19.41999048	
-99.23167552	19.42016526	
-99.23162622	19.42030617	
-99.23156974	19.42059965	
-99.23155912	19.42073688	
-99.23150715	19.42075571	
-99.23130682	19.42080995	
-99.231216	19.42085769	
-99.23111254	19.42093371	
-99.23106066	19.42097949	
-99.23102463	19.42106992	
-99.23096858	19.42126054	
-99.23095802	19.4213668	
-99.23092622	19.42154674	
-99.23089125	19.42163714	
-99.23084346	19.42170689	
-99.23077005	19.4217338	
-99.23066388	19.42174285	
-99.23053303	19.42176072	
-99.23038955	19.42179849	
-99.23028558	19.42181035	
-99.23009823	19.42182571	
-99.22976194	19.42199514	
-99.22968286	19.4221032	
-99.22954188	19.42215972	
-99.22938354	19.42220454	
-99.22936312	19.422237	
-99.22916946	19.42245929	
-99.22896909	19.42262445	
-99.22886894	19.42272926	
-99.22873885	19.42297678	
-99.22865225	19.42319255	
-99.22849526	19.42332595	
-99.2284568	19.42341911	
-99.22830312	19.42351126	
-99.22816608	19.42353683	
-99.22806911	19.42354329	
-99.22793869	19.42356565	
-99.22787523	19.4236038	
-99.22785185	19.42364503	
-99.22785534	19.42367851	
-99.22786214	19.42379269	
-99.22784905	19.42397351	
-99.22783245	19.42406231	
-99.22778574	19.42412897	
-99.22772898	19.42418298	
-99.22763871	19.42422112	
-99.22753845	19.42424982	
-99.22742142	19.42425314	
-99.22718943	19.42425734	
-99.22701717	19.42431958	
-99.22679648	19.42453912	
-99.22669954	19.42466589	
-99.22633074	19.42523822	
-99.22606989	19.42582843	
-99.22587051	19.42622629	
-99.22570506	19.42640969	
-99.22546288	19.42658732	
-99.22515975	19.42671392	
-99.22484715	19.42684914	
-99.22464029	19.42696575	
-99.22446755	19.42708005	
-99.22432205	19.42701843	
-99.22378425	19.42680962	
-99.22324523	19.42656489	
-99.22280365	19.42636752	
-99.22277192	19.42638603	
-99.22266849	19.42658112	
-99.22256166	19.42671446	
-99.22232829	19.42694562	
-99.22227443	19.42702297	
-99.22232028	19.42713014	
-99.22255203	19.42731709	
-99.22270348	19.42766448	
-99.22286857	19.4281122	
-99.22295589	19.42847348	
-99.22300006	19.42861329	
-99.22302031	19.42873835	
-99.22310649	19.42906608	
-99.22315266	19.42918332	
-99.22321032	19.42930686	
-99.2232858	19.42941391	
-99.22337834	19.42950506	
-99.22355348	19.42962332	
-99.22371349	19.42970597	
-99.224299	19.43000838	
-99.22443078	19.43007665	
-99.22476832	19.43025149	
-99.22517515	19.43046074	
-99.22650838	19.43107298	
-99.22662191	19.43115411	
-99.22673108	19.43124568	
-99.22681803	19.43133825	
-99.22685988	19.43144425	
-99.22687231	19.43158598	
-99.22680158	19.43189194	
-99.22666457	19.43227114	
-99.22641571	19.43276411	
-99.22615752	19.43371912	
-99.22615202	19.43385948	
-99.22617135	19.43396534	
-99.22622506	19.43406135	
-99.2262956	19.43413083	
-99.2263932	19.43420948	
-99.22701988	19.43454878	
-99.22720945	19.43465969	
-99.22733758	19.43478875	
-99.22743032	19.43494472	
-99.22749315	19.43509046	
-99.22750325	19.43523051	
-99.22728397	19.43586742	
-99.22716394	19.43621291	
-99.22711346	19.43682214	
-99.22773855	19.43742214	
-99.22813125	19.43779906	
-99.22815237	19.43801648	
-99.22810971	19.43820982	
-99.22806209	19.43832218	
-99.22796268	19.43844358	
-99.2278514	19.43855868	
-99.22358426	19.44156371	
-99.221965	19.44268654	
-99.2209382	19.44343397	
-99.22058282	19.44367532	
-99.22013583	19.44381082	
-99.21973749	19.44384726	
-99.21950575	19.44386848	
-99.21868929	19.44397306	
-99.21817968	19.44405751	
-99.21813295	19.44411183	
-99.21815378	19.44415623	
-99.21821634	19.44423503	
-99.21830483	19.44429906	
-99.21922578	19.44477414	
-99.21940949	19.44490571	
-99.21953617	19.4450172	
-99.21963775	19.44511995	
-99.21976092	19.44524978	
-99.21985318	19.44536146	
-99.21997655	19.44555685	
-99.22006028	19.44575917	
-99.22011288	19.44597103	
-99.22014872	19.44611635	
-99.2201474	19.44627178	
-99.22014597	19.44644129	
-99.22013606	19.44727732	
-99.22012765	19.44798728	
-99.22011566	19.44899823	
-99.21995474	19.45154934	
-99.2199592	19.45187862	
-99.21996294	19.45215449	
-99.21997278	19.45288014	
-99.21977171	19.45288391	
-99.21919568	19.45294149	
-99.21901432	19.45297183	
-99.21885166	19.45299905	
-99.2185226	19.45305409	
-99.21819994	19.45321751	
-99.2181364	19.45324968	
-99.21808855	19.45327391	
-99.21791511	19.45336175	
-99.21736482	19.45367111	
-99.2169784	19.45406722	
-99.21695446	19.45409177	
-99.21676651	19.45428445	
-99.2164212	19.45471429	
-99.21627392	19.45489765	
-99.21607703	19.45515769	
-99.21597472	19.45529282	
-99.21572834	19.45561825	
-99.21528512	19.45622386	
-99.21525258	19.45631089	
-99.21522083	19.45639583	
-99.215202	19.4564462	
-99.21516586	19.45654286	
-99.21485614	19.45737134	
-99.21424792	19.45855882	
-99.21422355	19.45867378	
-99.21404455	19.45951811	
-99.21393935	19.46040585	
-99.21263149	19.46245135	
-99.21296389	19.46262163	
-99.21354443	19.462919	
-99.21239306	19.46637874	
-99.2121484	19.46711391	
-99.21194188	19.46707918	
-99.21178528	19.46708192	
-99.21172882	19.46713786	
-99.2116392	19.46740618	
-99.21153666	19.46799335	
-99.21143471	19.46800088	
-99.21137154	19.46803642	
-99.21096068	19.46826751	
-99.2107234	19.46848083	
-99.21056463	19.46865831	
-99.21045058	19.46878578	
-99.20991205	19.46938162	
-99.20890123	19.47005655	
-99.20886265	19.47008232	
-99.20870545	19.47003446	
-99.20869262	19.47003055	
-99.20821151	19.46988409	
-99.20768566	19.469724	
-99.20717365	19.46956812	
-99.20682497	19.47121508	
-99.20777288	19.47147072	
-99.20796742	19.47152318	
-99.20834928	19.47162617	
-99.20836917	19.47163154	
-99.20895565	19.47178971	
-99.20923609	19.47186534	
-99.20963477	19.47197285	
-99.21003312	19.47208028	
-99.21078398	19.47228277	
-99.21081505	19.47229115	
-99.21141268	19.47245231	
-99.21204485	19.4726228	
-99.21262838	19.47278015	
-99.21329295	19.47295935	
-99.21356134	19.47303174	
-99.21387929	19.47311748	
-99.21421577	19.4732082	
-99.21448462	19.47328069	
-99.21487783	19.47338674	
-99.21516812	19.47346502	
-99.21554	19.47356529	
-99.21586317	19.47365243	
-99.21617325	19.47373603	
-99.21687729	19.47392588	
-99.21750443	19.47409497	
-99.21817015	19.47427446	
-99.21884723	19.47445703	
-99.21951051	19.47463586	
-99.22015809	19.47481046	
-99.22055831	19.47491837	
-99.22111506	19.47506848	
-99.22091998	19.47590811	
-99.22071009	19.47681152	
-99.22049951	19.47771783	
-99.22035857	19.47815523	
-99.22004771	19.47911988	
-99.2197722	19.47997485	
-99.21966275	19.48031448	
-99.21945594	19.48090254	
-99.21913755	19.48180785	
-99.21882875	19.48268589	
-99.2186074	19.48331526	
-99.21851934	19.48356568	
-99.21833806	19.48408109	
-99.21815649	19.48459735	
-99.21804583	19.484912	
-99.21749922	19.48645146	
-99.21731218	19.48697817	
-99.21716332	19.4873974	
-99.21715811	19.48741212	
-99.21685789	19.4882576	
-99.21653982	19.48915335	
-99.21644982	19.48940677	
-99.21627909	19.48988757	
-99.21618006	19.49016648	
-99.2160066	19.49069151	
-99.21571683	19.49156852	
-99.21569825	19.49162477	
-99.21544692	19.49238548	
-99.21538669	19.49256775	
-99.21520288	19.49312411	
-99.21498202	19.49379252	
-99.21482368	19.49427177	
-99.21460694	19.49492774	
-99.21437223	19.49563809	
-99.21411611	19.49641326	
-99.21389094	19.49709471	
-99.21383894	19.49725211	
-99.21368442	19.49771972	
-99.2135008	19.49827543	
-99.21346306	19.49840875	
-99.21286477	19.50052214	
-99.2124984	19.50176192	
-99.21232002	19.50237091	
-99.21223498	19.50266123	
-99.21199249	19.50351072	
-99.2119664	19.50363632	
-99.2116838	19.50499651	
-99.21144488	19.50672288	
-99.21137712	19.50721237	
-99.21121905	19.50781222	
-99.21116158	19.50803025	
-99.21105242	19.50844451	
-99.2107796	19.50908477	
-99.21069816	19.50934735	
-99.21068711	19.5093834	
-99.21063343	19.50955672	
-99.21047505	19.51007157	
-99.21037165	19.51053994	
-99.21032311	19.51067045	
-99.21024062	19.51089226	
-99.21016417	19.51113912	
-99.21006622	19.51127275	
-99.20998709	19.51137832	
-99.20994385	19.51143603	
-99.20980165	19.51160323	
-99.20969183	19.51173235	
-99.20962934	19.51181531	
-99.20949617	19.51199208	
-99.20940565	19.51215025	
-99.20938185	19.51219182	
-99.20931603	19.5123068	
-99.20925754	19.51240902	
-99.20919468	19.51246848	
-99.20907322	19.5125834	
-99.20897048	19.51268063	
-99.20852372	19.51295882	
-99.20814383	19.51319538	
-99.20809509	19.51321817	
-99.20712929	19.51366962	
-99.20701612	19.51373146	
-99.20659832	19.51395978	
-99.20617415	19.51419158	
-99.20591903	19.514331	
-99.20580962	19.51440625	
-99.20552278	19.51460351	
-99.20523725	19.51479988	
-99.20514018	19.51485755	
-99.20496052	19.51496431	
-99.20467165	19.51513597	
-99.20433506	19.5150342	
-99.20390658	19.51490463	
-99.20353152	19.51479123	
-99.20294131	19.51461277	
-99.20294045	19.51461251	
-99.2027346	19.51455026	
-99.20258366	19.51450463	
-99.20257992	19.51450349	
-99.20189662	19.51429688	
-99.20188814	19.51429432	
-99.20170452	19.5142388	
-99.20097474	19.51401812	
-99.20080017	19.51396534	
-99.20029615	19.51381292	
-99.20017309	19.51377571	
-99.20015865	19.51377134	
-99.20010325	19.51375458	
-99.19996888	19.51371395	
-99.1993878	19.51353823	
-99.19917485	19.51347383	
-99.1990584	19.51343862	
-99.19879968	19.51336038	
-99.19864488	19.51331357	
-99.19694232	19.51279871	
-99.19672049	19.51273163	
-99.19662266	19.51270205	
-99.19403369	19.51191906	
-99.19400628	19.51191077	
-99.19203149	19.51131349	
-99.19189795	19.51127311	
-99.19149842	19.51057952	
-99.19067454	19.51041005	
-99.18895318	19.51005592	
-99.18892917	19.51005097	
-99.18855162	19.50997331	
-99.18843114	19.50994852	
-99.18738252	19.50951888	
-99.18700026	19.50936225	
-99.18698629	19.50935654	
-99.18656166	19.50915938	
-99.18616665	19.50897597	
-99.18538502	19.50861306	
-99.18522137	19.50853708	
-99.18512891	19.50850671	
-99.18461689	19.50833855	
-99.18425077	19.50821831	
-99.18382785	19.5080794	
-99.18347945	19.50796497	
-99.18307594	19.50783245	
-99.18270049	19.50770914	
-99.18245109	19.50756345	
-99.18244685	19.50756095	
-99.18230697	19.50747925	
-99.1822908	19.5074698	
-99.18191574	19.50748982	
-99.177499	19.50631431	
-99.17741185	19.50629111	
-99.17736854	19.50627957	
-99.17705042	19.50619491	
-99.1767378	19.50642042	
-99.17662449	19.50650217	
-99.17607189	19.5069008	
-99.17602569	19.50694886	
-99.17553809	19.50745602	
-99.17540277	19.50748483	
-99.17536478	19.50749292	
-99.17518411	19.5075314	
-99.17487523	19.50759718	
-99.17404046	19.50795	
-99.17371257	19.50816185	
-99.17366562	19.50819218	
-99.17356523	19.50825705	
-99.17304285	19.50858671	
-99.17259937	19.50842655	
-99.17160422	19.50806714	
-99.17129177	19.50795431	
-99.17087818	19.50780494	
-99.17041392	19.50763726	
-99.16995597	19.50740583	
-99.16953465	19.50719292	
-99.16914329	19.50699514	
-99.16910932	19.50697797	
-99.16880002	19.50682166	
-99.16868905	19.50676558	
-99.16737072	19.50621468	
-99.16731329	19.50619066	
-99.16707815	19.50609242	
-99.16631629	19.50582868	
-99.16585546	19.50566915	
-99.16537662	19.5055034	
-99.16494049	19.50535243	
-99.16441094	19.50516912	
-99.16393777	19.50500532	
-99.16345598	19.50485157	
-99.16299014	19.50470289	
-99.16289765	19.50467338	
-99.16255898	19.50456529	
-99.16206766	19.50440849	
-99.16161729	19.50426477	
-99.16113783	19.50411174	
-99.16069668	19.50397095	
-99.16026926	19.50383454	
-99.16021374	19.50381682	
-99.15973434	19.50366381	
-99.15973429	19.5036638	
-99.15925211	19.5035099	
-99.15718111	19.50284889	
-99.15770189	19.50420737	
-99.15775238	19.50433908	
-99.15787974	19.50467129	
-99.15835748	19.50591745	
-99.15843728	19.50612558	
-99.15884438	19.50718751	
-99.15904943	19.50772235	
-99.15904958	19.50772275	
-99.15946049	19.50879454	
-99.15951115	19.50892671	
-99.15951123	19.50892689	
-99.15960955	19.50918334	
-99.16018835	19.51069303	
-99.16066609	19.51193909	
-99.16084134	19.51239617	
-99.16084709	19.51241115	
-99.16096386	19.51271574	
-99.16106898	19.51298994	
-99.16125674	19.51347963	
-99.16177505	19.51483142	
-99.1622344	19.51602949	
-99.16230197	19.51620571	
-99.16248011	19.51667028	
-99.16288855	19.51773554	
-99.1629752	19.51796149	
-99.16473408	19.51899206	
-99.16473442	19.51899226	
-99.16595943	19.51971002	
-99.16641135	19.51997478	
-99.16681725	19.5202126	
-99.16726117	19.52047271	
-99.16730918	19.52050083	
-99.16778169	19.52077766	
-99.16778346	19.52077871	
-99.16822968	19.52104012	
-99.16864825	19.52128535	
-99.16908777	19.52154286	
-99.16950391	19.52178668	
-99.16996266	19.52205543	
-99.17043869	19.52224189	
-99.17052068	19.52227402	
-99.17084749	19.52240202	
-99.17089063	19.52241632	
-99.17137572	19.52257706	
-99.1718072	19.52272005	
-99.17182703	19.52272662	
-99.1722914	19.52288049	
-99.172562	19.52297015	
-99.17277097	19.52303405	
-99.17299946	19.52310392	
-99.1732354	19.52317608	
-99.17370546	19.52331982	
-99.17418229	19.52346562	
-99.17431291	19.52364022	
-99.17438825	19.52374094	
-99.17463071	19.52406503	
-99.17445002	19.52425612	
-99.17420645	19.52451371	
-99.17399374	19.52471654	
-99.17376125	19.52493826	
-99.17345892	19.52522657	
-99.17314254	19.52552828	
-99.1730714	19.52559611	
-99.17236117	19.5262734	
-99.17213994	19.52647709	
-99.17193785	19.52666317	
-99.17136728	19.52718852	
-99.17175731	19.52747883	
-99.17211502	19.52773849	
-99.17258985	19.52808317	
-99.17261022	19.52809774	
-99.17299152	19.52837032	
-99.17345368	19.52870072	
-99.17383423	19.52898263	
-99.174372	19.52938098	
-99.17526383	19.53003202	
-99.17536095	19.53009462	
-99.17552329	19.52984451	
-99.17576531	19.52947166	
-99.17615358	19.52887352	
-99.17626352	19.52892958	
-99.17661562	19.52910914	
-99.17704574	19.52932848	
-99.17627857	19.53064257	
-99.17634949	19.53071638	
-99.17626442	19.53104855	
-99.17606375	19.53183189	
-99.17601146	19.53203605	
-99.17542368	19.53197706	
-99.17495412	19.53187811	
-99.17452645	19.53171132	
-99.17407029	19.53157169	
-99.17264995	19.53098357	
-99.17237269	19.53086875	
-99.17233412	19.53085548	
-99.17191442	19.53071103	
-99.17147088	19.53055838	
-99.17042325	19.53019783	
-99.17038111	19.53018334	
-99.16997906	19.53004495	
-99.16986352	19.5300052	
-99.16914714	19.52975863	
-99.16874469	19.52962012	
-99.16861226	19.52957451	
-99.16800366	19.52936485	
-99.16767249	19.52925077	
-99.16743595	19.52918512	
-99.16671605	19.52898537	
-99.16625298	19.52885686	
-99.16581292	19.52873492	
-99.16523995	19.52857617	
-99.1645694	19.52839035	
-99.16416683	19.5282788	
-99.16301985	19.52796382	
-99.16278498	19.52789931	
-99.16260646	19.52785028	
-99.16219289	19.52773671	
-99.16212283	19.52771746	
-99.16176635	19.52761955	
-99.16165814	19.52758983	
-99.16115969	19.52745294	
-99.16103108	19.52741762	
-99.1607006	19.52732685	
-99.1603482	19.52723006	
-99.15985798	19.52709543	
-99.15955765	19.52701294	
-99.15915865	19.52690335	
-99.15901435	19.52705703	
-99.15882914	19.52725426	
-99.15731554	19.52787768	
-99.15679812	19.52809077	
-99.1571454	19.52825746	
-99.15834109	19.52875143	
-99.15859872	19.52885786	
-99.15851705	19.52896422	
-99.15843322	19.52907335	
-99.158309	19.52923509	
-99.157401	19.53041738	
-99.15737102	19.53045645	
-99.15719231	19.53068912	
-99.15690743	19.53106006	
-99.15666262	19.53137882	
-99.15649432	19.53159794	
-99.15613197	19.53206975	
-99.15584725	19.53244048	
-99.15698358	19.53307149	
-99.15784412	19.53354934	
-99.15851348	19.53392103	
-99.15804497	19.535289	
-99.15793415	19.53542385	
-99.15791878	19.53544255	
-99.15733486	19.53615315	
-99.15706554	19.53648091	
-99.15668763	19.53694082	
-99.15604534	19.53772242	
-99.15531775	19.53860783	
-99.15464743	19.53942352	
-99.15410785	19.54008014	
-99.15395677	19.54030577	
-99.15394818	19.54031858	
-99.15357343	19.54087826	
-99.15333297	19.54123737	
-99.15325189	19.54136578	
-99.15323448	19.54139335	
-99.15293122	19.54187363	
-99.15264462	19.54232752	
-99.15239298	19.54272602	
-99.15225686	19.54294162	
-99.15209218	19.54320242	
-99.15207574	19.54322845	
-99.1520736	19.54323183	
-99.15196171	19.54340903	
-99.15163529	19.54394388	
-99.15142185	19.54429362	
-99.15121671	19.54462975	
-99.15108489	19.54484571	
-99.15152022	19.54505195	
-99.15292082	19.54571554	
-99.15302649	19.54576562	
-99.15418249	19.54631329	
-99.15438077	19.54640723	
-99.15466774	19.54654318	
-99.15533258	19.54685817	
-99.15535442	19.54686851	
-99.15540228	19.54688962	
-99.155851	19.54708755	
-99.15655455	19.54739789	
-99.15700051	19.5475946	
-99.15757454	19.54784782	
-99.15806531	19.54806429	
-99.15818812	19.54811846	
-99.15864578	19.54832032	
-99.15854537	19.54874914	
-99.15852852	19.54882109	
-99.15925332	19.54895552	
-99.15938017	19.54898025	
-99.15934858	19.54908822	
-99.15920715	19.54916585	
-99.15920829	19.54920231	
-99.15927203	19.54921377	
-99.15950849	19.54923031	
-99.15967768	19.54921946	
-99.15976458	19.54917529	
-99.15998928	19.54912651	
-99.160075	19.54910789	
-99.1609	19.54926088	
-99.15928192	19.551883	
-99.15809202	19.55369142	
-99.15756897	19.5550474	
-99.15776051	19.55595091	
-99.15804703	19.55649288	
-99.15809552	19.55735134	
-99.1561438	19.56015445	
-99.15423822	19.56137606	
-99.15333268	19.56155755	
-99.15280871	19.56196466	
-99.15161645	19.56137826	
-99.15090063	19.56052035	
-99.14918592	19.56201285	
-99.14899557	19.56237448	
-99.14680482	19.56463548	
-99.14599555	19.56590129	
-99.1458928	19.56745589	
-99.14589049	19.56749065	
-99.14580738	19.56874805	
-99.14476045	19.57082737	
-99.14366518	19.57218377	
-99.14345685	19.57234708	
-99.14038905	19.57475163	
-99.13956814	19.57539505	
-99.13914168	19.57846789	
-99.13790438	19.58113471	
-99.13484118	19.58390878	
-99.13375975	19.58488811	
-99.13376085	19.58624363	
-99.13071031	19.58714954	
-99.12836263	19.5880072	
-99.1269926	19.58850769	
-99.12370609	19.59275728	
-99.12214865	19.59247645	
-99.12078435	19.59223042	
-99.11964943	19.59202575	
-99.11946222	19.59199198	
-99.11788785	19.59059231	
-99.11859757	19.58446172	
-99.11690614	19.5814446	
-99.11466172	19.57979631	
-99.11296557	19.57374168	
-99.11285595	19.57326263	
-99.11239234	19.57123665	
-99.11181805	19.56872692	
-99.10809722	19.56488849	
-99.11124114	19.56149777	
